TEMPERATURE																		PRECIPITATION        																
     	JAN 	FEB 	MRC	APR 	MAY	JUN 	JUL 	AUG 	SEP 	OKT 	NOV 	DEC	Winter	Spring	Summer	Autumn	Year	JAN 	FEB 	MRC	APR 	MAY	JUN 	JUL 	AUG 	SEP 	OKT 	NOV 	DEC	Winter	Spring	Summer	Autumn	Year

1525	0	0	0	0	0	0	0	0	0	0	0	0	0	0	0	0	0	0	0	0	0	0	0	0	0	0	0	0	0	0.00	0.00	0.00	0.00	0.00
1526	0	0	0	1	0	0	0	0	0	0	1	3	0	0.3	0	0.3	0.16	0	0	1	-1	0	0	0	2	0	0	0	-3	0.00	0.00	0.70	0.00	0.17
1527	3	3	-2	-3	-2	-1	-2	-1	-2	0	0	-1	3	-2.3	-1.3	-0.7	-0.33	-1	-1	2	0	0	1	1	0	0	0	0	-2	-1.70	0.70	0.70	0.00	-0.08
1528	-2	-2	0	0	0	0	0	0	0	0	0	-2	-1.7	0	0	0	-0.42	0	0	0	0	0	0	0	0	0	0	0	0	-0.70	0.00	0.00	0.00	-0.17
1529	-1	0	0	-1	-2	-1	-2	-2	-2	0	3	3	-1	-1	-1.7	0.3	-0.84	0	0	0	0	1	2	2	2	0	0	0	0	0.00	0.30	2.00	0.00	0.58
1530	3	3	3	-1	0	0	0	1	1	1	0	-1	3	0.7	0.3	0.7	1.17	0	0	-2	0	0	0	2	1	0	-1	0	0	0.00	-0.70	1.00	-1.00	-0.17
1531	0	1	-1	0	0	0	0	1	1	1	0	1	0	-0.3	0.3	0.7	0.17	0	0	0	0	0	0	0	0	-2	-2	0	0	0.00	0.00	0.00	-4.00	-1.00
1532	0	-1	1	0	1	1	0	1	1	1	1	0	0	0.7	0.7	1	0.58	0	3	0	0	-1	0	0	0	0	0	0	0	1.00	-0.30	0.00	0.00	0.17
1533	1	0	0	0	0	-1	0	1	1	0	-1	-1	0.3	0	0	0	0.08	0	0	0	0	0	1	1	1	0	0	0	0	0.00	0.00	1.00	0.00	0.25
1534	-3	-3	0	0	0	1	3	2	0	0	0	0	-2.3	0	2	0	-0.08	0	-1	-1	-1	0	-1	-1	-1	0	0	0	0	-0.30	-0.70	-1.00	0.00	-0.50
1535	-1	-1	-1	0	0	0	0	0	0	0	0	-1	-0.7	-0.3	0	0	-0.25	0	0	0	0	0	1	0	0	1	1	1	-1	0.00	0.00	0.30	1.00	0.33
1536	-1	-1	0	0	1	2	3	3	2	1	1	0	-1	0.3	2.7	1.3	0.83	0	0	0	0	0	0	-3	-2	-1	-1	0	0	-0.30	0.00	-1.70	-0.70	-0.67
1537	0	0	0	1	0	0	1	0	-1	0	0	1	0	0.3	0.3	-0.3	0.08	0	0	0	0	1	1	-1	0	0	0	0	0	0.00	0.30	0.00	0.00	0.08
1538	2	2	0	-2	0	0	0	0	0	0	0	0	1.7	-0.7	0	0	0.25	0	0	-1	-2	0	0	0	0	0	0	0	0	0.00	-1.00	0.00	0.00	-0.25
1539	0	2	0	0	1	1	0	1	0	0	0	0	0.7	0.3	0.7	0	0.42	-2	-2	0	0	0	0	0	0	0	-1	-1	0	-1.30	0.00	0.00	-0.70	-0.50
1540	-1	1	-1	3	3	3	3	2	2	1	1	2	0	1.7	2.7	1.3	1.42	0	-1	-3	-3	-3	-3	-3	-3	-2	-1	0	0	-0.30	-3.00	-3.00	-1.00	-1.83
1541	-1	-2	-1	1	-1	-1	1	0	0	0	0	0	-0.3	-0.3	0	0	-0.17	0	0	0	0	1	0	0	1	0	0	0	0	0.00	0.30	0.30	0.00	0.17
1542	1	-1	-1	-1	-2	-2	-2	-2	-2	0	-1	0	0.1	-1.3	-2	-1	-1.06	0	0	1	1	1	0	0	3	0	0	0	0	0.00	1.00	1.00	0.00	0.50
1543	0	0	0	0	-1	-1	0	0	0	0	0	0	0	-0.3	-0.3	0	-0.17	0	0	0	0	1	1	0	0	0	0	0	0	0.00	0.30	0.30	0.00	0.17
1544	0	0	0	0	0	0	0	1	1	0	0	0	0	0	0.3	0.3	0.17	0	0	0	0	0	0	0	0	0	0	0	0	0.00	0.00	0.00	0.00	0.00
1545	0	0	0	0	0	1	2	2	2	1	0	0	0	0	1.7	1	0.67	1	1	0	1	1	1	-1	-2	-2	-2	0	0	0.70	0.70	-0.70	-1.30	-0.17
1546	1	0	1	0	-2	0	0	0	0	0	0	0	0.3	-0.3	0	0	0	0	0	-2	0	0	0	1	0	-2	-3	1	-3	0.00	-0.70	0.30	-1.30	-0.42
1547	0	0	0	0	0	0	0	0	0	0	0	0	0	0	0	0	0	-3	0	0	0	0	0	0	0	0	0	0	0	-2.00	0.00	0.00	0.00	-0.50
1548	0	0	-1	0	0	0	0	0	0	0	0	0	0	-0.3	0	0	-0.08	0	0	0	0	0	0	0	-2	-2	0	0	0	0.00	0.00	-0.70	-0.70	-0.33
1549	0	0	0	0	0	0	0	0	1	0	0	0	0	0	0	0.3	0.08	0	0	0	0	0	0	0	0	0	0	0	0	0.00	0.00	0.00	0.00	0.00
1550	0	0	-1	0	-1	1	0	-1	0	0	0	0	0	-0.7	0	0	-0.17	0	0	0	1	3	1	0	0	1	0	0	0	0.00	1.30	0.30	0.30	0.50
1551	-3	-2	0	-1	0	1	1	0	1	-3	0	0	-1.7	-0.3	0.7	-0.7	-0.5	0	0	2	0	-1	-1	-2	2	0	2	0	-1	0.00	0.30	-0.30	0.70	0.17
1552	2	0	0	-1	3	1	1	1	0	1	0	0	0.7	0.7	1	0.3	0.67	0	0	0	0	-1	0	0	0	0	0	0	2	-0.30	-0.30	0.00	0.00	-0.17
1553	1	-2	-1	0	0	0	1	0	0	1	0	0	-0.3	-0.3	0.3	0.3	0	1	-1	-2	0	1	0	0	0	2	0	0	0	0.70	-0.30	0.00	0.70	0.25
1554	-1	0	0	1	0	0	1	0	1	1	0	0	-0.3	0.3	0.3	0.7	0.25	-2	1	0	-2	0	1	-1	0	0	0	-2	0	-0.30	-0.70	0.00	-0.70	-0.42
1555	0	0	0	0	1	-1	-2	-1	0	0	-1	0	0	0.3	-1.3	-0.3	-0.33	2	0	-2	2	0	2	2	0	0	2	1	2	0.70	0.00	1.30	1.00	0.75
1556	-1	-1	-2	-1	2	2	2	2	1	0	0	-2	-0.7	-0.3	2	0.3	0.33	2	0	0	2	-1	0	0	-2	1	0	2	-2	1.30	0.30	-0.70	1.00	0.50
1557	-1	0	-2	1	0	1	1	1	0	0	0	-1	-1	-0.3	1	0	-0.08	0	0	0	0	-1	-2	0	0	0	0	0	-1	-0.70	-0.30	-0.70	0.00	-0.42
1558	0	-1	1	1	0	-1	1	1	1	0	0	-1	-0.7	0.7	0.3	0.3	0.17	-2	0	-2	0	0	2	-2	-2	-2	0	0	-1	-1.00	-0.70	-0.70	-0.70	-0.75
1559	0	1	2	1	2	1	2	2	1	0	-2	0	0	1.7	1.7	-0.3	0.75	-1	0	0	0	0	-1	-2	-2	0	-2	2	0	-0.70	0.00	-1.70	0.00	-0.58
1560	0	0	2	0	1	-2	-2	0	1	0	0	-1	0	1	-1.3	0.3	0	0	0	-3	0	2	3	3	-2	2	-1	0	-2	0.00	-0.30	1.30	0.30	0.33
1561	-3	-1	-2	-1	3	0	1	-1	0	1	0	1	-1.7	0	0	0.3	-0.33	0	0	0	0	-2	0	0	0	1	0	0	-1	-0.70	-0.70	0.00	0.30	-0.25
1562	2	1	0	1	0	0	0	1	1	1	0	-2	1.3	0.3	0.3	0.7	0.67	0	0	2	0	0	0	1	0	0	0	0	0	-0.30	0.70	0.30	0.00	0.17
1563	-2	1	-1	0	1	1	0	0	1	-2	-1	1	-1	0	0.3	-0.7	-0.33	0	-2	0	-1	0	0	2	0	-2	0	0	0	-0.70	-0.30	0.70	-0.70	-0.25
1564	-1	0	0	2	-2	0	-1	1	1	-2	-1	-1	0	0	0	-0.7	-0.17	-2	0	0	-1	2	0	2	-2	-3	2	2	0	-0.70	0.30	0.00	0.30	0.00
1565	-3	-3	-2	1	0	1	0	1	1	-2	-1	-1	-2.3	-0.3	0.7	-0.7	-0.67	0	-2	0	-1	-2	0	0	0	-1	0	0	0	-0.70	-1.00	0.00	-0.30	-0.50
1566	-1	-2	-3	-2	0	-1	1	1	1	0	0	0	-1.3	-1.7	0.3	0.3	-0.58	0	-2	0	2	0	3	-1	0	0	-2	0	0	-0.70	0.70	0.70	-0.70	0.00
1567	-3	0	1	1	1	0	0	1	1	0	-1	0	-1	1	0.3	0	0.08	-3	0	0	-2	-2	-3	-2	0	-2	-2	-2	-2	-1.00	-1.30	-1.70	-2.00	-1.50
1568	1	-1	-3	-2	1	-1	-2	1	0	1	-1	-1	0	-1.3	-0.7	0	-0.5	0	-1	2	1	-2	1	3	-2	0	-2	0	0	-1.00	0.30	0.70	-0.70	-0.17
1569	-1	-1	-2	-3	0	0	-1	-1	1	1	1	0	-1	-1.7	-0.7	1	-0.58	2	0	2	0	0	0	0	2	-2	0	0	3	0.70	0.70	0.70	-0.70	0.33
1570	-1	0	-3	-3	-1	0	-2	-1	0	0	0	-1	-0.3	-2.3	-1	0	-0.92	2	0	0	0	0	2	3	2	0	-1	2	3	1.70	0.00	2.30	0.30	1.08
1571	-3	-1	-3	1	2	-1	0	1	2	0	1	-1	-1.7	0	0	1	-0.17	3	0	-2	-2	0	1	0	2	0	1	0	0	2.00	-1.30	1.00	0.30	0.50
1572	0	-1	-3	1	2	1	0	1	1	0	-3	-3	-0.7	0	0.7	-0.7	-0.17	0	1	0	0	-1	0	1	0	2	0	0	0	0.30	-0.30	0.30	0.70	0.25
1573	-3	-3	-3	-1	-2	0	-1	-2	-3	-2	1	0	-3	-2	-1	-1.3	-1.83	0	-2	0	1	2	0	1	2	3	2	-1	-1	-0.70	1.00	1.00	1.30	0.67
1574	1	-2	0	-3	1	1	-2	1	1	0	1	0	-0.3	-0.7	0	0.7	-0.08	1	2	0	0	-1	0	2	0	0	2	0	0	0.70	-0.30	0.70	0.70	0.42
1575	-1	-1	0	0	-1	0	1	1	1	-1	0	-1	-0.7	-0.3	0.7	0	-0.08	0	-2	0	2	2	0	-2	0	-1	0	-2	0	-0.70	1.30	-0.70	-1.00	-0.25
1576	0	0	0	0	-3	-2	0	-1	-1	-1	0	0	-0.3	-1	-1	-0.7	-0.75	0	0	3	0	0	2	0	1	0	0	0	-1	0.00	1.00	1.00	0.00	0.50
1577	-1	-1	1	-1	-1	-1	-2	1	1	0	0	0	-0.7	-0.3	-0.7	0.3	-0.33	0	-1	-1	0	0	2	0	-1	0	0	0	-1	-0.70	-0.30	0.30	0.00	-0.17
1578	1	-1	1	-2	-3	0	0	0	-1	0	3	0	0	-1.3	0	0.7	-0.17	0	0	-1	1	0	0	1	0	-3	0	0	1	-0.30	0.00	0.30	-1.00	-0.25
1579	0	1	1	-2	-1	-2	-3	-3	-1	0	0	0	0.3	-0.7	-2.7	-0.3	-0.83	1	1	-1	0	1	2	3	2	3	0	0	0	1.00	0.00	2.30	1.00	1.08
1580	0	0	-1	0	1	1	-2	1	0	0	0	0	0	0	0	0	0	-1	-1	0	0	-1	0	2	0	-2	-2	0	0	-0.70	-0.30	0.70	-1.30	-0.42
1581	1	0	0	-2	-1	0	1	1	1	0	0	1	0.3	-1	0.7	0.3	0.08	1	0	1	1	1	-1	-1	-1	-3	0	0	0	0.30	1.00	-1.00	-1.00	-0.17
1582	1	-1	-2	-2	0	-1	1	0	0	0	0	1	0.3	-1.3	0	0	-0.25	1	0	1	1	0	0	1	0	-1	0	0	0	0.30	0.70	0.30	-0.30	0.25
1583	1	-3	0	1	3	2	0	1	0	0	0	0	-0.3	1.3	1	0	0.5	0	0	0	-3	-3	-1	0	0	0	0	1	1	0.00	-2.00	-0.30	0.30	-0.50
1584	3	1	-1	0	3	-1	-1	-1	1	0	0	0	1.3	0.7	-1	0.3	0.33	2	0	1	-1	-1	3	3	2	0	0	-2	-3	1.00	-0.30	2.70	-0.70	0.67
1585	-1	0	2	1	0	-2	-2	-2	0	0	0	0	-0.3	1	-2	0	-0.33	-3	-2	-1	0	1	2	2	3	1	0	0	0	-2.70	0.00	2.30	0.30	0.00
1586	-2	0	-1	-2	0	0	1	0	0	-1	-2	-2	-0.7	-1	0.3	-1	-0.58	-1	0	0	1	0	0	-1	0	0	0	0	0	-0.30	0.30	-0.30	0.00	-0.08
1587	-2	-2	-3	-1	-2	-3	-3	2	-3	-2	1	0	-2	-2	-1.3	-1.3	-1.67	0	0	0	0	1	3	0	-3	1	1	0	2	0.00	0.30	0.00	0.70	0.25
1588	-1	0	0	0	0	-2	-2	-2	1	1	0	-1	-0.3	0	-2	0.7	-0.42	-3	0	-2	-2	-3	3	3	3	0	0	1	1	-0.30	-2.30	3.00	0.30	0.17
1589	-2	-1	0	0	-1	-2	-1	-1	-1	0	1	0	-1.3	-0.3	-1.3	0	-0.75	-3	-3	-1	-1	0	3	2	1	2	0	0	3	-1.70	-0.70	2.00	0.70	0.08
1590	-1	1	-1	1	-1	1	1	1	2	0	1	-2	0	-0.3	1	1	0.42	-1	1	-1	-3	0	0	-1	-2	-2	0	1	-1	1.00	-1.30	-1.00	-0.30	-0.42
1591	-1	-1	-1	1	1	1	0	1	1	1	-1	0	-1.3	0.3	0.7	0.3	0	-1	-1	-1	0	0	1	1	0	0	0	0	-1	-1.00	-0.30	0.70	0.00	-0.17
1592	2	0	0	-1	-1	-2	1	1	1	1	-1	-1	0.7	-0.7	0	0.3	0.08	0	0	0	1	1	1	-2	-2	-1	0	0	0	-0.30	0.70	-1.00	-0.30	-0.25
1593	-2	-1	0	0	1	0	-1	-2	-2	0	-1	-1	-1.3	0.3	-1	-1	-0.75	0	0	0	1	0	0	1	1	1	0	1	1	0.00	0.30	0.70	0.70	0.42
1594	0	-1	0	-1	-3	0	-2	-2	-2	-2	0	-3	-0.7	-1.3	-1.3	-1.3	-1.17	1	-1	1	1	0	0	2	2	1	1	1	-2	0.30	0.70	1.30	1.00	0.83
1595	-2	-3	-2	-3	1	0	1	-1	0	-1	0	0	-2.7	-1.3	0	-0.3	-1.08	0	0	2	0	-1	-2	0	0	0	1	0	0	-0.70	0.30	-0.70	0.30	-0.17
1596	2	-1	0	0	0	-2	-2	-1	1	0	0	1	0.3	0	-1.7	0.3	-0.25	0	0	0	-2	2	3	3	2	0	0	0	0	0.00	0.00	2.70	0.00	0.67
1597	0	-1	-3	0	0	-1	-2	-2	-2	-2	0	-1	0	-1	-1.7	-1.3	-1	0	1	0	2	-1	0	2	2	1	0	0	0	0.30	0.30	1.30	0.30	0.58
1598	-1	-1	1	-2	-2	-1	0	0	1	-1	0	0	-1	-1	-0.3	0	-0.58	2	2	0	1	0	0	0	0	0	1	1	0	1.30	0.30	0.00	0.70	0.58
1599	-1	-1	1	0	1	-1	2	2	2	3	3	0	-0.7	0.7	1	2.7	0.92	0	0	-1	0	0	0	-2	1	-1	-2	-2	0	0.00	-0.30	-0.30	-1.70	-0.58
1600	-3	-3	-1	-2	-1	-1	-1	1	-2	-1	0	-2	-2	-1.3	-0.3	-1	-1.17	0	-2	-1	0	-1	0	1	0	1	-1	0	0	-0.70	-0.70	0.30	0.00	-0.25
1601	-1	-3	-3	-3	-1	-2	1	-1	-2	0	-1	-1	-2	-2.3	-0.7	-1	-1.5	0	0	0	0	-1	3	-1	1	-1	0	0	1	0.00	-0.30	1.00	-0.30	0.08
1602	0	3	3	0	-2	-1	1	-1	0	0	0	-3	0.7	0.3	-0.3	0	0.17	0	-1	-1	0	-3	0	0	3	2	0	0	0	0.00	-1.30	1.00	0.70	0.08
1603	-3	0	2	3	3	3	1	1	1	1	2	2	-2	2.7	1.7	1.3	0.92	0	0	-3	-3	-1	0	0	0	-1	-1	0	0	0.00	-2.30	0.00	-0.70	-0.75
1604	2	1	1	0	1	1	2	1	0	0	0	0	1.7	0.7	1.3	0	0.92	0	0	0	0	0	-1	0	0	0	0	0	0	0.00	0.00	-0.30	0.00	-0.08
1605	0	0	2	-2	0	0	1	1	1	1	1	0	0	0	0.7	1	0	0	0	0	0	0	0	0	0	-1	0	0	0	0.00	0.00	0.00	-0.30	-0.08
1606	0	0	0	0	0	-1	-1	-1	0	-1	0	0	0	0	-1	-0.3	-0.33	0	0	0	0	0	0	1	1	-1	-2	1	0	0.00	0.00	0.70	-0.70	0.00
1607	3	3	1	0	1	0	1	1	2	0	-1	-1	2	0.7	0.7	0.3	0.92	0	0	-2	-2	0	0	0	0	-1	0	0	1	0.00	-1.30	0.00	-0.30	-0.42
1608	-3	-3	0	-1	-1	-2	-1	-2	-2	-1	1	3	-2.3	-0.7	-1.7	-0.7	-1.33	3	3	-2	0	0	1	1	2	1	1	0	0	2.30	-0.70	1.30	0.70	0.92
1609	3	1	0	0	0	-2	-1	0	0	-3	0	0	2.3	0	-1	-1	0.08	-1	-3	-3	2	2	3	3	2	0	0	0	-1	-1.30	0.30	2.70	0.00	0.42
1610	2	-1	0	0	-1	1	-1	1	2	0	0	-1	0.3	-0.3	0.3	0.7	0.25	3	-3	0	-1	-2	0	3	-1	0	3	2	-3	-0.30	-1.00	0.70	1.70	0.25
1611	0	1	1	2	3	2	0	1	-1	-1	-1	0	0	2	1	-1	0.5	0	0	-2	-3	-3	0	0	0	0	0	0	0	-1.00	-2.70	0.00	0.00	-0.92
1612	0	0	0	-1	0	0	-1	2	0	-1	1	2	0	-0.3	0.3	0	0	1	0	-2	0	0	0	3	-1	0	3	0	0	0.30	-0.70	0.70	1.00	0.33
1613	3	2	1	-1	-2	-1	-1	0	-1	0	-2	-2	2.3	-0.7	-0.7	-1	0	-3	0	-1	0	3	3	3	0	-1	0	-1	0	-1.00	0.70	2.00	-0.70	0.25
1614	-2	-2	-3	-3	-1	-1	0	0	-1	0	-1	1	-2	-2.3	-0.3	-0.7	-1.33	0	0	0	0	0	0	0	0	0	0	0	0	0.00	0.00	0.00	0.00	0.00
1615	0	0	0	0	-1	1	1	1	1	0	0	0	0.3	-0.3	1	0.3	0.33	0	0	0	0	0	0	-1	-1	0	0	0	0	0.00	0.00	-0.70	0.00	-0.17
1616	-3	-3	0	0	0	3	3	2	0	0	0	0	-2	0	2.7	0	0.17	0	0	-1	-1	-1	-3	-3	-1	0	0	0	0	0.00	-1.00	-2.30	0.00	-0.83
1617	3	2	3	-1	0	0	0	0	0	0	0	0	1.7	0.7	0	0	0.58	0	0	-2	1	0	0	0	0	0	0	0	-2	0.00	-0.30	0.00	0.00	-0.08
1618	-2	0	0	-1	-1	-2	0	-2	0	1	0	0	-0.7	-0.7	-1.3	0.3	-0.58	-3	-2	0	0	0	1	0	2	2	-1	0	0	-2.30	0.00	1.00	0.30	-0.25
1619	0	3	0	-1	0	1	0	-1	-1	-2	0	0	1	-0.3	0	-1	-0.08	0	0	0	1	0	0	0	0	0	0	-1	0	0.00	0.30	0.00	-0.30	0.00
1620	1	0	0	-2	1	0	0	0	1	0	0	0	0.3	-0.3	0	0.3	0.08	-1	0	0	0	-1	0	1	0	-1	-1	-2	0	-0.30	-0.30	0.30	-1.30	-0.42
1621	-3	0	0	0	-1	-2	-2	-2	0	0	0	0	-1	-0.3	-2	0	-0.83	0	0	0	0	0	1	2	2	0	0	0	0	0.00	0.00	1.70	0.00	0.42
1622	-1	-1	-1	0	1	0	0	1	1	0	0	0	-0.7	0	0.3	0.3	0	-1	1	1	-1	-1	1	0	0	0	0	0	0	0.00	-0.30	0.30	0.00	0.00
1623	-2	-2	-1	0	0	0	2	1	1	0	0	0	-1.3	-0.3	1	0.3	-0.08	0	0	0	0	0	1	-3	-2	-1	0	0	0	0.00	0.00	-1.30	-0.30	-0.42
1624	-3	-3	0	1	1	0	1	0	0	1	0	2	-2	0.7	0.3	0.3	-0.17	0	0	0	-1	-1	2	0	0	0	-1	-1	0	0.00	-0.70	0.70	-0.70	-0.17
1625	3	2	0	0	-2	-2	-1	-1	0	-1	0	0	2.3	-0.7	-1.3	-0.3	0	0	-1	0	0	1	1	0	0	0	0	0	0	-0.30	0.30	0.30	0.00	0.08
1626	1	1	0	0	0	0	0	1	1	1	0	0	0.7	0	0.3	0.7	0.42	0	-1	1	0	0	1	2	0	-3	-3	-1	0	-0.30	0.30	1.00	-2.30	-0.33
1627	-2	-2	-3	-3	-2	-3	0	0	-2	-1	0	2	-1.3	-2.7	-1	-1	-1.5	2	2	2	2	2	3	2	-1	2	0	0	1	1.30	2.00	1.30	0.70	1.33
1628	0	1	0	-3	-2	-3	-3	-1	-3	-2	-1	2	1	-1.7	-2.3	-2	-1.25	1	0	0	1	2	2	2	1	0	1	0	0	0.70	1.00	1.70	0.30	0.92
1629	0	1	-3	-2	1	2	-1	1	0	0	0	0	1	-1.3	0.7	0	0.08	0	0	0	0	1	0	2	-1	0	0	0	0	0.00	0.30	0.30	0.00	0.17
1630	1	0	0	0	-2	2	0	1	1	0	0	0	0.3	-0.7	1	0.3	0.25	0	0	1	-1	2	-2	0	-1	-1	0	0	-1	0.00	0.70	-1.00	-0.30	-0.17
1631	-1	0	0	0	2	2	1	-1	0	0	0	0	-0.3	0.7	0.7	0	0.25	0	0	0	0	-2	-2	-1	1	-1	-1	0	0	-0.30	-0.70	-0.70	-0.70	-0.58
1632	0	0	0	2	1	-3	1	-1	-1	-2	0	1	0	1	-1	-1	-0.25	0	0	0	0	-1	2	0	1	1	0	-1	-2	0.00	-0.30	1.00	0.00	0.17
1633	0	0	1	0	0	-2	1	0	0	-2	0	-3	0.3	0.3	-0.3	-0.7	-0.08	0	0	-1	0	0	1	0	0	0	0	0	-2	-0.70	-0.30	0.30	0.00	-0.17
1634	0	-1	0	0	0	-1	0	1	2	0	0	-1	-1.3	0	0	0.7	-0.17	0	0	0	0	0	1	0	-1	-2	-2	-2	-2	-0.70	0.00	0.00	-2.00	-0.67
1635	-1	0	-1	0	-1	-1	1	0	2	1	0	-1	-0.7	-0.7	0	1	-0.08	0	1	1	1	0	0	-1	0	0	0	0	0	-0.30	0.70	-0.30	0.00	0.00
1636	1	0	1	2	3	0	0	0	1	0	0	-1	0	2	0	0.3	0.58	0	0	-1	-1	-3	-1	0	0	-1	-1	1	0	0.00	-1.70	-0.30	-0.30	-0.58
1637	-2	0	0	1	3	2	0	0	0	0	0	0	-1	1.3	0.7	0	0.25	0	0	0	-1	-2	-2	0	1	0	0	0	0	0.00	-1.00	-0.30	0.00	-0.33
1638	-3	0	0	2	2	2	0	0	0	-1	0	0	-1	1.3	0.7	-0.3	0.17	-1	0	0	-1	0	0	0	0	0	0	0	0	-0.30	-0.30	0.00	0.00	-0.17
1639	2	3	2	2	-1	-1	-3	-2	0	3	0	0	1.7	1	-2	1	0.42	-1	-3	-2	0	1	1	1	0	0	-2	0	2	-1.30	-0.30	0.70	-0.70	-0.42
1640	1	1	-3	-1	-1	-1	1	-2	0	-3	0	-1	0.7	-1.7	-0.7	-1	-0.67	1	-1	1	1	1	2	-1	1	0	0	0	-1	0.70	1.00	0.70	0.00	0.58
1641	0	0	0	-1	-2	-2	0	0	1	0	-2	-2	-0.3	-1	-0.7	-0.3	-0.58	1	0	0	1	0	2	2	0	-1	0	0	0	0.00	0.30	1.30	-0.30	0.33
1642	0	0	-1	-1	-1	-2	-2	1	1	1	0	2	-0.7	-1	-1	0.7	-0.5	0	1	0	1	0	0	1	-1	0	-1	0	0	0.30	0.30	0.00	-0.30	0.08
1643	0	-1	-2	-3	-1	1	0	1	0	1	0	-2	0.3	-2	0.7	0.3	-0.17	0	1	-1	1	1	-1	0	-1	0	-1	0	0	0.30	0.30	-0.70	-0.30	-0.08
1644	-1	-1	-2	1	0	1	1	0	1	0	0	0	-1.3	-0.3	0.7	0.3	-0.17	0	0	-1	-1	0	-1	0	0	-1	0	0	0	0.00	-0.70	-0.30	-0.30	-0.33
1645	-2	0	-1	1	2	2	1	1	-1	0	0	0	-0.7	0.7	1.3	-0.3	0.25	0	0	0	-1	-1	-2	-2	-3	0	0	0	0	0.00	-0.70	-2.30	0.00	-0.75
1646	0	1	-1	0	1	-1	2	1	0	0	0	1	0.3	0	0.7	0	0.25	0	-1	-1	0	-2	0	-2	-2	1	1	1	1	-0.30	-1.00	-1.30	1.00	-0.42
1647	2	1	1	1	-1	-1	0	0	2	1	0	0	1.3	0.3	-0.3	1	0.58	1	-1	-1	-1	1	1	0	1	-1	-1	0	0	0.30	-0.30	0.70	-0.70	0.00
1648	0	-1	-1	0	0	-2	-2	-1	0	-3	-1	-2	-0.3	-0.3	-1.7	-1.3	-0.92	0	-1	1	-1	0	1	2	1	0	0	-1	0	-0.30	0.00	1.30	-0.30	0.17
1649	-1	-3	-3	-1	-2	-2	1	0	-1	0	1	1	-2	-2	-0.3	0	-1.08	1	0	1	1	1	2	0	0	0	0	-1	-1	0.30	1.00	0.70	-0.30	0.42
1650	3	3	-3	0	0	-1	1	1	-1	-1	0	-1	2.3	-1	0.3	-0.7	0.25	0	-1	0	0	1	1	0	0	1	1	0	1	-0.70	0.30	0.30	0.70	0.17
1651	1	-1	-2	-1	0	0	1	1	1	-1	0	0	-0.3	-1	0.7	0	-0.17	3	0	1	1	0	1	0	-1	-1	2	3	1	1.30	0.70	0.00	1.30	0.83
1652	0	0	-1	-1	-1	-1	0	1	1	3	2	-1	0	-1	0	2	0.25	0	0	1	1	0	0	2	-1	-2	-3	-2	-1	0.30	0.70	0.30	-2.30	-0.25
1653	-3	-3	0	0	3	2	1	-1	0	0	1	-1	-2.3	1	0.7	0.3	-0.08	0	0	-1	-1	-2	-3	0	1	1	0	-2	-2	-0.30	-1.30	-0.70	-0.30	-0.67
1654	0	-2	-1	1	1	0	0	1	1	0	0	0	-1	0.3	0.3	0.3	0	-3	-1	-2	-1	0	0	1	-1	-1	0	0	0	-2.00	-1.00	0.00	-0.30	-0.83
1655	0	1	0	-2	0	0	0	0	0	0	-1	0	0.3	-0.7	0	-0.3	-0.17	0	1	1	1	0	0	0	0	0	0	0	0	0.30	0.70	0.00	0.00	0.25
1656	-3	0	-1	1	0	-1	0	1	0	-1	0	0	-1	0	0	-0.3	-0.33	-1	0	0	-1	0	3	0	-1	0	0	0	0	-0.30	-0.30	0.70	0.00	0.00
1657	0	0	-1	0	1	-1	0	0	-1	0	1	0	0	0	-0.3	0	-0.08	0	0	-1	0	0	1	0	0	1	0	0	0	0.00	-0.30	0.30	0.30	0.08
1658	-2	-1	-1	0	-1	-1	0	0	1	1	0	0	-1	-0.7	-0.3	0.7	-0.33	2	0	0	0	0	0	0	0	0	0	0	0	0.70	0.00	0.00	0.00	0.17
1659	2	0	-1	0	1	2	0	-1	-1	-1	0	-2	0.7	0	0.3	-0.7	0.08	0	0	0	-1	-1	-1	0	1	3	2	0	0	0.00	-0.70	0.00	1.70	0.25
1660	-3	-2	0	2	1	-1	0	2	1	0	-1	1	-2.3	1	0.3	0	-0.25	-1	-1	1	-1	-1	1	0	-3	0	0	1	1	-0.70	-0.30	-0.70	0.30	-0.33
1661	3	1	3	0	1	2	1	-2	1	1	1	0	1.7	1.3	0.3	1	1.08	-1	-1	-2	0	0	-1	-1	2	-1	-1	-1	0	-0.30	-0.70	0.00	-1.00	-0.50
1662	2	0	2	1	-1	-1	0	0	1	1	1	-1	0.7	0.7	-0.3	1	0.5	-1	0	-2	0	0	1	-1	0	-1	-1	2	1	-0.30	-0.70	0.00	0.00	-0.25
1663	-3	-3	2	-1	2	-1	-2	-1	1	1	0	-1	-2.3	1	-1.3	0.7	-0.5	-1	-1	-2	0	0	2	2	1	-1	1	-1	-1	-0.30	-0.70	1.70	-0.30	0.08
1664	-1	0	0	1	1	1	0	-2	1	-2	0	0	-0.7	0.7	-0.3	-0.3	-0.17	0	-1	-1	-1	-1	-1	1	2	0	0	1	0	-0.70	-1.00	0.70	0.30	-0.17
1665	-2	-2	-2	-1	1	0	1	1	-1	-1	0	0	-1.3	-0.7	0.7	-0.7	-0.5	1	0	1	-1	-1	0	-1	0	1	1	0	0	0.30	-0.30	-0.30	0.70	0.08
1666	-1	-2	-3	-1	2	0	2	2	2	0	0	-2	-1	-0.7	1.3	0.7	0.08	0	-1	1	0	-1	0	-3	-1	-1	-1	-1	0	-0.30	0.00	-1.30	-1.00	-0.67
1667	-3	2	-2	1	-2	-2	1	-1	-1	-1	-1	0	-1	-1	-0.7	-1	-0.92	0	-1	0	-1	1	0	-1	1	1	0	-1	0	-0.30	0.00	0.00	0.00	-0.08
1668	0	0	-1	0	-1	1	1	0	1	1	0	1	0	-0.7	0.7	0.7	0.17	0	0	1	0	0	0	-1	1	-1	-2	0	-1	0.00	0.30	0.00	-1.00	-0.17
1669	-3	0	0	-1	1	2	2	1	2	0	0	-1	-0.7	0	1.7	0.7	0.42	0	0	0	0	0	-2	-1	-3	-2	-2	-2	-3	-0.30	0.00	-2.00	-2.00	-1.08
1670	0	-3	0	0	0	1	0	0	1	0	0	2	-1.3	0	0.3	0.3	-0.17	1	0	0	0	0	0	0	0	-1	1	1	2	-0.70	0.00	0.00	0.30	-0.08
1671	3	2	-1	0	2	1	0	0	-1	-1	0	-1	2.3	0.3	0.3	-0.7	0.58	0	0	0	0	-1	0	0	0	1	-2	0	-2	0.70	-0.30	0.00	-0.30	0.00
1672	-1	-1	0	0	0	1	0	0	0	1	0	1	-1	0	0.3	0.3	-0.08	-3	-3	-2	0	0	-1	1	0	2	-1	0	0	-2.70	-0.70	0.00	0.30	-0.75
1673	1	0	0	-1	0	-1	-1	1	0	0	-1	-1	0.7	-0.3	-0.3	-0.3	-0.08	0	1	0	1	1	3	2	-1	-1	1	-1	-1	0.30	0.70	1.30	-0.30	0.50
1674	-1	-1	-2	0	1	0	0	0	-2	0	1	0	-1	-0.3	0	-0.3	-0.42	-1	0	1	0	0	1	1	0	1	-1	-1	-1	-0.70	0.30	0.70	-0.30	0.00
1675	-1	-1	-1	0	-1	-3	-1	-2	-1	1	-3	0	-0.7	-0.7	-2	-1	-1.08	-1	-1	0	-1	1	2	0	1	1	-1	0	0	-1.00	0.00	1.00	0.00	0.00
1676	-2	0	3	0	2	2	0	1	0	-1	-3	-3	-0.7	1.7	1	-1.3	0.17	-1	-1	-3	-1	0	-1	0	0	0	0	0	0	-0.70	-1.30	-0.30	0.00	-0.58
1677	1	0	1	0	0	-1	-1	0	2	-3	-1	-1	-0.7	0.3	-0.7	-0.7	-0.42	0	0	0	0	0	2	2	0	-3	1	0	0	0.00	0.00	1.30	-0.70	0.17
1678	1	0	-1	-1	1	0	1	1	0	-1	0	0	0	-0.3	0.7	-0.3	0	0	0	0	0	0	0	0	0	0	0	0	0	0.00	0.00	0.00	0.00	0.00
1679	-1	-3	-3	-1	1	0	-1	-1	0	0	-1	-1	-1.3	-1	-0.7	-0.3	-0.83	-1	0	1	0	-1	0	1	1	0	0	0	0	-0.30	0.00	0.70	0.00	0.08
1680	2	3	0	-1	2	1	1	0	2	3	2	-2	1.3	0.3	0.7	2.3	1.17	-1	-1	0	1	-1	0	0	2	-1	-2	-2	0	-0.70	0.00	0.70	-1.70	-0.42
1681	-3	-3	-3	0	1	-1	1	2	2	0	1	2	-2.7	-0.7	0.7	1	-0.42	-1	0	0	-1	0	0	-1	-3	-2	0	0	0	-0.30	-0.30	-1.30	-0.70	-0.67
1682	2	1	-1	0	2	-1	-1	-1	0	0	1	1	1.7	0.3	-1	0.3	0.33	0	-2	0	0	-1	1	0	1	0	-1	0	0	-0.70	-0.30	0.70	-0.30	-0.17
1683	1	-1	-2	-1	2	2	1	0	1	-1	0	0	0.3	-0.3	1	0	0.25	2	2	0	0	-1	-1	-2	1	-1	0	2	0	1.30	-0.30	-0.70	0.30	0.17
1684	-3	-3	-2	0	2	2	1	0	-1	0	-3	-2	-2	0	1	-1.3	-0.58	-1	0	0	-1	-2	-3	0	0	2	0	0	0	-0.30	-1.00	-1.00	0.70	-0.42
1685	-3	0	-2	2	2	-2	-2	0	0	1	0	1	-1.7	0.7	-1.3	0.3	-0.5	-1	-3	0	-2	-1	2	0	0	-2	0	2	0	-1.30	-1.00	0.70	0.00	-0.42
1686	2	-1	3	-1	2	0	0	1	1	0	0	0	0.7	1.3	0.3	0.3	0.67	-2	-1	-3	0	0	0	0	0	-2	0	-2	0	-1.00	-1.00	0.00	-1.30	-0.83
1687	-3	-3	-1	-3	1	0	1	0	-2	0	0	1	-2	-1	0.3	-0.7	-0.83	1	-1	0	2	-2	0	-3	1	3	0	0	2	0.00	0.00	-0.70	1.00	0.08
1688	-3	-3	-3	-3	1	-2	0	0	1	-3	-1	1	-1.7	-1.7	-0.7	-1	-1.25	-2	-3	-2	0	-1	3	0	0	0	3	0	0	-1.00	-1.00	1.00	1.00	0.00
1689	-2	0	-3	1	-2	-1	0	0	0	0	0	0	-0.3	-1.3	-0.3	0	-0.5	0	0	0	0	1	2	3	1	0	2	0	-2	0.00	0.30	2.00	0.70	0.75
1690	1	0	-2	-2	0	-1	-1	0	0	0	0	-1	0.3	-1.3	-0.7	0	-0.42	2	-2	0	-2	0	2	2	0	0	2	0	0	-0.70	-0.70	1.30	0.70	0.17
1691	-3	-3	-2	0	-1	0	0	2	0	0	-1	-1	-2.3	-1	0.7	-0.3	-0.75	-3	-2	0	0	0	1	1	-2	2	-2	-2	-2	-1.70	0.00	0.00	-0.70	-0.58
1692	-3	-3	-3	0	-2	-2	-1	-2	-1	-1	0	0	-2.3	-1.7	-1.7	-0.7	-1.58	-1	0	0	-1	0	1	2	3	0	0	0	-3	-1.00	-0.30	2.00	0.00	0.17
1693	0	0	-3	0	-2	1	0	1	0	0	-1	-1	0	-1.7	0.7	-0.3	-0.33	2	0	2	3	2	0	0	0	0	0	0	0	-0.30	2.30	0.00	0.00	0.50
1694	-3	0	-2	0	2	0	0	1	0	-3	1	-2	-1.3	0	0.3	-0.7	-0.42	0	0	-2	0	-2	2	0	0	2	0	0	-2	0.00	-1.30	0.70	0.70	0.00
1695	-3	-3	-3	0	-2	0	0	-1	-2	1	1	0	-2.7	-1.7	-0.3	0	-1.17	-1	-2	-1	-2	2	0	0	2	3	0	-3	-2	-1.70	-0.30	0.70	0.00	-0.33
1696	1	1	-1	-1	0	-1	0	1	0	0	0	-1	0.7	-0.7	0	0	0	-1	-2	0	0	2	2	0	0	0	0	0	0	-1.70	0.70	0.70	0.00	-0.08
1697	-3	-3	-3	0	0	0	0	0	0	-1	-1	0	-2.3	-1	0	-0.7	-1	-2	-1	0	0	0	0	2	0	0	0	0	-2	-1.00	0.00	0.70	0.00	-0.08
1698	-2	-1	0	0	-3	-2	0	-2	-2	-1	0	0	-1	-1	-1.3	-1	-1.08	2	0	0	0	3	-2	0	0	2	2	0	2	0.00	1.00	-0.70	1.30	0.42
1699	0	-2	-3	-3	-2	-1	1	0	1	-2	0	0	-0.7	-2.7	0	-0.3	-0.92	0	0	0	0	0	0	0	0	-1	-1	-2	0	0.70	0.00	0.00	-1.30	-0.17
1700	-2	-1	-3	-3	-1	-1	0	0	-1	1	-1	0	-1	-2.3	-0.3	-0.3	-1	-2	0	-1	1	-2	2	2	-1	0	0	2	0	-0.70	-0.70	1.00	0.70	0.08
1701	1	0	-3	-3	-2	-1	1	-1	1	-1	0	0	0.3	-2.7	-0.3	0	-0.67	0	0	0	-1	0	1	1	0	-3	0	0	-1	0.00	-0.30	0.70	-1.00	-0.17
1702	1	2	0	-2	-1	0	0	0	0	-2	-3	0	1	-1	0	-1.7	-0.42	0	-2	0	2	-2	0	0	0	0	0	0	1	-1.00	0.00	0.00	0.00	-0.25
1703	-2	0	-2	-1	1	-1	-1	1	0	-2	0	0	-0.7	-0.7	-0.3	-0.7	-0.58	0	-2	0	0	0	3	0	0	0	0	-2	-2	-0.30	0.00	1.00	-0.70	0.00
1704	-2	-2	-2	2	1	0	1	2	0	1	1	0	-1.3	0.3	1	0.7	0.17	-2	1	0	-1	0	0	0	-1	2	-3	0	0	-1.00	-0.30	-0.30	-0.30	-0.50
1705	0	0	0	-1	-2	0	1	2	-1	1	0	1	0	-1	1	0	0	-2	0	0	0	2	0	0	-2	0	-1	1	2	-0.70	0.70	-0.70	0.00	-0.17
1706	-1	0	-1	1	1	1	1	2	1	1	1	1	0	0.3	1.3	1	0.67	-3	-2	0	-2	0	-1	0	-3	0	-2	0	0	-1.00	-0.70	-1.30	-0.70	-0.92
1707	1	2	-1	-2	-1	0	0	0	0	-1	0	0	1.3	-1.3	0	-0.3	-0.08	-2	-3	2	-2	0	2	2	3	0	0	0	2	-1.70	0.00	2.30	0.00	0.17
1708	1	0	1	0	1	-1	-1	2	0	-2	1	-2	0.3	0.7	0	-0.3	0.17	0	0	-1	2	-2	2	2	-2	0	0	-3	0	0.70	-0.30	0.70	-1.00	0.00
1709	-3	-3	0	2	-2	-1	0	0	0	-1	0	0	-2.7	0	-0.3	-0.3	-0.83	1	-2	1	0	0	1	0	0	1	2	-2	-1	-0.30	0.30	0.30	0.30	0.17
1710	0	0	0	0	2	0	0	0	1	-1	1	2	0	0.7	0	0.3	0.25	-2	-3	0	0	-2	0	0	0	-1	0	-3	-1	-2.00	-0.70	0.00	-1.30	-1.00
1711	0	0	-1	0	0	1	1	-1	-1	0	2	1	0.7	-0.3	0.3	0.3	0.25	0	3	2	0	0	-3	-1	2	1	2	1	0	0.70	0.70	-0.70	1.30	0.50
1712	-1	0	-2	-1	-1	1	0	1	0	0	0	-1	0	-1.3	0.7	0	-0.17	0	0	0	0	1	-1	1	-2	0	0	-1	-2	0.00	0.30	-0.70	-0.30	-0.17
1713	1	1	0	-3	-2	-1	-2	0	0	-1	-3	0	0.3	-1.7	-1	-1.3	-0.92	2	0	0	0	-1	2	3	2	0	2	0	-3	0.00	-0.30	2.30	0.70	0.67
1714	-1	-2	-3	-3	-1	0	-1	-1	-2	0	-1	0	-1	-2.3	-0.7	-1	-1.25	-3	-1	0	-1	0	0	0	0	3	0	-3	0	-2.30	-0.30	0.00	0.00	-0.67
1715	0	0	0	0	2	0	0	0	0	0	0	-2	0	0.7	0	0	0.17	-2	0	0	0	0	0	0	0	0	0	0	-2	-0.70	0.00	0.00	0.00	-0.17
1716	-3	-3	-3	-3	-1	-1	-2	0	-1	-1	0	-1	-2.7	-2.3	-1	-0.7	-1.67	0	-3	0	-2	0	0	1	-1	2	0	-1	0	-1.70	-0.70	0.00	0.30	-0.50
1717	-2	-1	0	0	0	0	0	1	0	0	0	1	-1.3	0	0.3	0	-0.25	-3	1	-2	-1	-1	0	1	-1	-2	0	-1	3	-0.70	-1.30	0.00	-1.00	-0.75
1718	-2	-3	0	0	1	3	2	2	2	-1	1	1	-1.3	0.3	2.3	0.7	0.5	0	-2	-1	1	1	0	-2	-1	-2	2	-1	2	0.30	0.30	-1.00	-0.30	-0.17
1719	1	1	0	-1	3	2	2	2	0	0	1	0	1	0.7	2	0.3	1	2	3	2	-2	-3	-2	0	-2	-1	2	3	2	2.30	-1.00	-1.30	1.30	0.33
1720	1	-1	-2	-1	1	-1	0	-1	-1	0	0	1	0	-0.7	-0.7	-0.3	-0.42	2	3	0	2	1	3	2	3	1	1	1	3	2.30	1.00	2.70	1.00	1.75
1721	1	-2	-3	1	-2	1	0	-1	1	-3	-1	1	0	-1.3	0	-1	-0.58	-2	1	-2	2	3	-1	0	3	-2	2	1	2	0.70	1.00	0.70	0.30	0.67
1722	0	2	0	0	0	0	0	0	1	3	0	-1	1	0	0	1.3	0.58	-3	0	0	-1	1	0	0	0	1	-3	1	2	-0.30	0.00	0.00	-0.30	-0.17
1723	-2	-1	3	2	2	0	-2	2	1	2	1	1	-1.3	2.3	0	1.3	0.58	-1	1	0	-3	-1	0	3	-2	-1	0	-2	1	0.70	-1.30	0.30	-1.00	-0.33
1724	2	0	0	-1	2	2	0	2	0	-1	-2	-1	1	0.3	1.3	-1	0.42	-3	0	2	0	0	-2	0	-3	-2	-2	-2	3	-0.70	0.70	-1.70	-2.00	-0.92
1725	1	-1	0	1	0	-1	-1	-2	1	0	0	-2	-0.3	0.3	-1.3	0.3	-0.25	1	-3	-3	-2	2	2	0	3	0	0	-2	3	0.30	-1.00	1.70	-0.70	0.08
1726	-2	0	-3	0	3	1	1	1	1	-1	-1	-1	-1.3	0	1	-0.3	-0.17	2	0	-2	-2	-2	1	0	-1	0	0	3	0	1.70	-2.00	0.00	1.00	0.17
1727	-1	0	0	0	2	1	1	2	1	1	-2	0	-0.7	0.7	1.3	0	0.33	1	-1	1	1	0	3	2	-2	1	0	0	0	0.00	0.70	1.00	0.30	0.50
1728	1	0	3	2	1	2	1	1	1	0	0	-2	0.3	2	1.3	0.3	1	2	-3	-1	-1	-2	-1	2	-1	-2	0	-1	0	-0.30	-1.30	0.00	-1.00	-0.67
1729	-2	0	-3	-2	-1	1	1	0	1	-1	0	1	-1.3	-2	0.7	0	-0.67	1	0	-2	0	0	-2	0	0	-1	2	1	0	0.30	-0.70	-0.70	0.70	-0.08
1730	-1	0	0	0	0	0	0	1	1	-3	0	-1	0	0	0.3	-0.7	-0.08	-3	0	3	0	-1	2	0	-1	-2	0	1	1	-1.00	0.70	0.30	-0.30	-0.08
1731	-3	-3	-3	-3	1	1	1	0	1	1	1	0	-2.3	-1.7	0.7	1	-0.58	-2	0	-3	0	-1	-2	1	2	0	-2	2	1	-0.30	-1.30	0.30	0.00	-0.33
1732	-2	1	0	2	1	-2	-1	-1	0	1	-2	-2	-0.3	1	-1.3	-0.3	-0.25	0	0	0	-2	0	2	1	-1	0	0	-2	-2	0.30	-0.70	0.70	-0.70	-0.08
1733	2	1	-2	2	-1	0	0	0	-1	-2	0	3	0.3	-0.3	0	-1	-0.25	-1	-3	0	-1	2	0	0	2	3	0	-2	0	-2.00	0.30	0.70	0.30	-0.17
1734	0	1	1	2	0	0	-1	-1	0	-2	-2	-2	1.3	1	-0.7	-1.3	0.08	0	-1	1	-1	1	1	2	2	-2	2	0	0	-0.30	0.30	1.70	0.00	0.42
1735	0	-1	-1	0	-2	-1	-1	2	1	-1	-1	1	-1	-1	0	-0.3	-0.58	0	-1	0	0	1	2	2	-2	0	0	-3	0	-0.30	0.30	0.70	-1.00	-0.08
1736	0	-1	-1	2	-1	0	1	1	2	1	-1	0	0	0	0.7	0.7	0.33	-2	0	0	0	-2	1	-1	-1	-1	-2	-2	0	-0.70	-0.70	-0.30	-1.70	-0.83
1737	1	-1	0	0	0	-1	0	-1	0	0	-1	-1	0	0	-0.7	-0.3	-0.25	2	0	0	0	0	3	0	2	1	2	-1	0	0.70	0.00	1.70	0.70	0.75
1738	-3	0	-1	0	-2	-1	0	1	1	0	-2	0	-1.3	-1	0	-0.3	-0.67	0	0	0	-1	0	2	0	2	-1	0	-3	0	0.00	-0.30	1.30	-1.30	-0.08
1739	0	1	-1	-3	1	1	0	0	0	-2	-1	2	0.3	-1	0.3	-1	-0.33	1	0	0	0	0	0	2	0	1	1	0	1	0.30	0.00	0.70	0.70	0.42
1740	-2	-3	-3	-3	-3	0	1	-1	1	-3	-2	2	-1	-3	0	-1.3	-1.33	-3	-1	0	-2	0	0	0	2	0	1	-2	3	-1.00	-0.70	0.70	-0.30	-0.33
1741	1	2	-1	-1	-2	1	-1	0	1	1	0	0	1.7	-1.3	0	0.7	0.25	2	0	-3	-3	2	-2	3	0	2	0	0	0	1.70	-1.30	0.30	0.70	0.33
1742	0	0	-1	-3	-2	1	1	0	-1	0	1	-1	0	-2	0.7	0	-0.33	0	0	-2	2	0	0	1	-2	0	0	2	-3	0.00	0.00	-0.30	0.70	0.08
1743	-1	0	0	-3	0	0	0	1	0	0	1	0	-0.7	-1	0.3	0.3	-0.25	-2	3	2	2	0	3	0	-3	-2	2	0	-1	-0.70	1.30	0.00	0.00	0.17
1744	-3	-1	-1	0	-1	2	1	-1	0	0	0	0	-1.3	-0.7	0.7	0	-0.33	-3	-3	2	-2	0	-3	1	0	-2	0	0	0	-2.30	0.00	-0.70	-0.70	-0.92
1745	-2	0	0	0	1	-1	1	0	1	3	1	0	-0.7	0.3	0	1.7	0.33	0	0	0	0	-2	0	-2	1	0	-2	-2	0	0.00	-0.70	-0.30	-1.30	-0.58
1746	1	-1	0	-2	2	-1	2	2	1	-2	0	1	0	0	1	-0.3	0.17	-3	0	2	0	-3	0	-3	-3	0	0	-2	0	-1.00	-0.30	-2.00	-0.70	-1.00
1747	-1	3	-1	-1	0	0	-1	0	0	1	1	1	1	-0.7	-0.3	0.7	0.17	0	2	-1	0	0	3	2	0	0	-1	-1	0	0.70	-0.30	1.70	-0.70	0.33
1748	-1	-2	-3	-2	-1	0	0	0	0	-2	1	1	-0.7	-2	0	-0.3	-0.75	0	0	0	0	0	1	0	1	-1	1	-1	0	0.00	0.00	0.70	-0.30	0.08
1749	3	0	0	0	0	-2	1	1	1	-2	0	0	1.3	0	0	-0.3	0.25	1	2	0	0	1	2	-1	-1	-3	-2	-2	-2	1.00	0.30	0.00	-2.30	-0.25
1750	-1	0	1	1	0	0	0	0	2	0	0	1	-0.3	0.7	0	0.7	0.25	-3	-1	0	2	0	0	1	2	-1	-1	2	0	-2.00	0.70	1.00	0.00	-0.08
1751	1	-1	1	-1	-2	-1	-1	1	0	0	-2	-1	0.3	-0.7	-0.3	-0.7	-0.33	0	0	2	2	2	-2	3	0	-2	0	-2	0	0.00	2.00	0.30	-1.30	0.25
1752	0	1	1	0	0	1	0	0	1	0	0	0	0	0.3	0.3	0.3	0.25	0	-2	-1	0	0	-1	2	0	-3	-3	-2	0	-0.70	-0.30	0.30	-2.70	-0.83
1753	-3	0	2	0	0	2	0	-2	0	0	-2	2	-1	0.7	0	-0.7	-0.25	-3	0	-3	-1	-3	-1	-1	0	-3	0	0	1	-1.00	-2.30	-0.70	-1.00	-1.25
1754	0	-2	-3	-1	0	0	-1	2	0	3	2	0	0	-1.3	0.3	1.7	0.17	-3	0	-2	0	-1	0	-2	0	-3	-3	-1	-1	-0.70	-1.00	-0.70	-2.30	-1.17
1755	-3	-3	-2	3	-3	3	0	-3	-2	-2	0	-2	-2	-0.7	0	-1.3	-1	-3	-3	-2	0	-2	-2	2	0	0	0	2	0	-2.30	-1.30	0.00	0.70	-0.75
1756	2	0	-2	-2	-2	2	0	-1	0	-2	-3	-3	0	-2	0.3	-1.7	-0.83	2	-1	0	2	-2	0	0	0	-1	-2	0	-3	0.30	0.00	0.00	-1.00	-0.17
1757	-2	-2	-2	1	0	1	2	-1	-3	-3	0	-2	-2.3	-0.3	0.7	-2	-1	0	-1	0	0	0	1	-2	1	0	0	0	0	-1.30	0.00	0.00	0.00	-0.33
1758	-3	-2	0	-1	1	1	-3	-1	-3	-3	-2	3	-2.3	0	-1	-2.7	-1.5	0	1	0	0	-1	0	3	2	2	0	-2	0	0.30	-0.30	1.70	0.00	0.42
1759	0	0	-2	1	0	-1	2	0	0	2	-3	-2	1	-0.3	0.3	-0.3	0.17	0	-2	0	0	-2	0	-1	2	-1	0	0	-1	-0.70	-0.70	0.30	-0.30	-0.33
1760	-1	0	-2	2	1	2	0	-1	0	0	0	2	-1	0.3	0.3	0	-0.08	3	2	0	-1	-2	1	0	0	0	2	1	0	1.30	-1.00	0.30	1.00	0.42
1761	-2	1	1	0	2	1	0	2	1	-2	-1	-3	0.3	1	1	-0.7	0.42	-3	3	0	-2	1	1	-2	1	0	2	0	-3	0.00	-0.30	0.00	0.70	0.08
1762	1	-1	-3	3	2	0	2	0	-1	-2	-2	-3	-1	0.7	0.7	-1.7	-0.33	1	1	0	-2	-2	1	-2	3	-1	2	-1	-3	-0.30	-1.30	0.70	0.00	-0.25
1763	-3	2	-3	0	-2	0	0	2	-2	-2	-2	1	-1.3	-1.7	0.7	-2	-1.08	-3	2	-1	0	0	2	1	-1	0	-1	-1	0	-1.30	-0.30	0.70	-0.70	-0.42
1764	3	2	-3	-2	2	2	2	-2	-2	-3	0	0	2	-1	0.7	-1.7	0	2	0	-2	3	0	0	0	3	-1	0	-1	0	0.70	0.30	1.00	-0.70	0.33
1765	1	-2	1	0	0	2	-1	0	0	1	-2	-3	-0.3	0.3	0.3	-0.3	0	-1	-1	2	1	-1	1	-1	2	-2	3	0	-1	-0.70	0.70	0.70	0.30	0.25
1766	-3	-2	-2	2	1	0	-1	1	1	0	-2	-3	-2.7	0.3	0	-0.3	-0.67	-3	0	-1	-2	2	0	2	-3	-2	0	-3	-3	-1.30	-0.30	-0.30	-1.70	-0.92
1767	-3	3	-2	-2	-2	-1	0	1	0	0	2	-3	-1	-2	0	0.7	-0.58	1	0	0	-1	2	-2	2	1	1	0	0	-3	-0.70	0.30	0.30	0.30	0.08
1768	-2	0	-3	0	1	-1	0	0	-1	1	1	-2	-1.7	-0.7	-0.3	0.3	-0.58	-1	-1	-3	0	-1	1	1	1	3	0	2	-1	-1.70	-1.30	1.00	1.70	-0.08
1769	0	0	-2	0	1	-2	0	0	0	-3	2	0	-0.7	-0.3	-0.7	-0.3	-0.5	-2	1	-1	0	0	1	1	1	1	0	1	0	-0.70	-0.30	1.00	0.70	0.17
1770	-2	-2	-3	-3	0	-2	-2	2	2	0	2	1	-1.3	-2	-0.7	1.3	-0.67	-1	0	-2	2	-3	1	3	0	0	0	1	0	-0.30	-1.00	1.30	0.30	0.08
1771	0	-2	-2	-3	3	-2	1	0	0	0	-3	0	-0.3	-0.7	-0.3	-1	-0.58	2	0	0	-2	-2	2	0	0	2	-2	-2	0	0.70	-1.30	0.70	-0.70	-0.17
1772	-1	2	1	0	-2	3	0	1	2	3	2	0	0.3	-0.3	1.3	2.3	0.92	2	2	0	2	2	-2	0	2	1	-1	0	-2	1.30	1.30	0.00	0.00	0.67
1773	1	-2	-2	0	0	-1	-2	0	1	1	0	2	-0.3	-0.7	-1	0.7	-0.33	2	0	-2	-2	0	0	2	-3	1	0	2	-2	0.00	-1.30	-0.30	1.00	-0.17
1774	0	0	2	2	0	1	0	2	0	-2	-3	-3	0.7	1.3	1	-1.7	0.33	1	0	1	0	-1	0	0	-1	1	-2	3	-2	-0.30	0.00	-0.30	0.70	0.00
1775	0	2	0	-1	-2	2	0	1	2	1	-1	-2	-0.3	-1	1	0.7	0.08	1	0	0	-2	0	0	1	3	-2	0	1	-1	-0.30	-0.70	1.30	-0.30	0.00
1776	-3	2	1	0	-3	0	0	1	-2	0	-1	-2	-1	-0.7	0.3	-1	-0.58	-1	1	0	0	-1	0	0	0	1	-3	0	0	-0.30	-0.30	0.00	-0.70	-0.33
1777	-2	-2	2	-2	-1	-2	-2	2	0	2	0	-3	-2	-0.3	-0.7	0.7	-0.58	1	0	1	-1	3	1	2	-2	-3	1	0	0	0.30	1.00	0.30	-0.70	0.25
1778	0	-2	-1	2	1	-1	2	2	-2	-1	1	2	-1.7	0.7	1	-0.7	-0.17	0	-1	0	0	0	1	-1	-3	1	3	2	0	-0.30	0.00	-1.00	2.00	0.17
1779	-3	0	-1	3	1	-2	-1	1	2	3	1	3	-0.3	1	-0.7	2	0.5	-3	-3	-3	-1	2	1	2	-1	0	-1	1	2	-2.00	-0.70	0.70	0.00	-0.50
1780	-2	-2	2	-2	1	2	0	2	1	2	-1	-2	-0.3	0.3	1.3	0.7	0.5	1	0	0	3	0	-3	-2	-1	2	2	1	-1	1.00	1.00	-2.00	1.70	0.42
1781	0	1	0	3	2	1	0	2	2	-2	0	1	-0.3	1.7	1	0	0.58	3	3	-3	1	0	3	-1	0	1	-1	1	-1	1.70	-0.70	0.70	0.30	0.50
1782	2	-3	-2	-1	-1	2	2	0	0	-3	-3	-2	0	-1.3	1.3	-2	-0.5	2	-2	1	3	3	-3	-3	2	0	0	0	-3	-0.30	2.30	-1.30	0.00	0.17
1783	3	1	-2	1	1	1	2	0	0	1	0	-2	0.7	0	1	0.3	0.5	2	2	3	-3	3	3	-1	1	1	-1	0	0	0.30	1.00	1.00	0.00	0.58
1784	-3	-2	-2	-3	3	2	0	-1	2	-3	0	-3	-2.3	-0.7	0.3	-0.3	-0.75	2	0	3	0	-1	-1	-1	1	-1	0	-1	2	0.70	0.70	-0.30	-0.70	0.08
1785	0	-2	-3	-3	1	-1	-1	-1	2	-1	0	-1	-1.7	-1.7	-1	0.3	-1	0	0	0	-1	-2	-2	2	0	0	0	0	0	0.70	-1.00	0.00	0.00	-0.08
1786	0	0	-3	2	0	2	-2	-1	-2	-3	-3	-1	-0.3	-0.3	-0.3	-2.7	-0.92	1	1	3	0	2	1	1	1	1	0	1	0	0.70	1.70	1.00	0.70	1.00
1787	-2	0	1	0	-2	1	-1	2	0	2	0	2	-1	-0.3	0.7	0.7	0	-3	-2	0	1	-3	0	3	-1	0	0	0	2	-1.70	-0.70	0.70	0.00	-0.42
1788	1	2	0	1	2	1	2	0	2	-2	-3	-3	1.7	1	1	-1	0.67	0	3	-2	-1	1	3	0	1	1	-3	-2	1	1.70	-0.70	1.30	-1.30	0.25
1789	-2	2	-3	1	3	-3	-1	0	-1	-1	-2	0	-1	0.3	-1.3	-1.3	-0.83	1	2	1	0	0	3	3	0	1	0	0	-1	1.30	0.30	2.00	0.30	1.00
1790	0	1	0	-1	1	1	-2	2	-2	2	0	1	0.3	0	0.3	0	0.17	-2	-2	-3	1	0	-1	3	-2	0	0	0	1	-1.70	-0.70	0.00	0.00	-0.58
1791	2	-1	-1	3	0	-1	0	2	-1	0	-3	1	0.7	0.7	0.3	-1.3	0.08	3	-1	-3	3	-2	0	0	-1	-3	0	3	2	1.00	-0.70	-0.30	0.00	0.00
1792	0	0	1	2	-1	-1	0	2	-2	2	-1	0	0.3	0.7	0.3	-0.3	0.25	2	-1	0	0	1	3	0	0	3	0	-1	0	1.00	0.30	1.00	0.70	0.75
1793	-2	1	0	-1	-2	-2	2	2	-2	1	0	1	-0.3	-1	0.7	-0.3	-0.25	-1	0	-1	0	-2	0	-1	-3	2	-1	1	1	-0.30	-1.00	-1.30	0.70	-0.50
1794	0	3	2	3	-1	1	2	0	-2	-1	1	-3	1.3	1.3	1	-0.7	0.75	-1	-2	0	-1	2	0	-3	-1	1	1	1	-3	-0.70	0.30	-1.30	1.00	-0.17
1795	-3	0	-2	2	0	0	-3	1	2	3	-2	2	-2	0	-0.7	1	-0.42	-1	1	3	-2	-3	1	0	-3	-3	1	2	0	-1.00	-0.70	-0.70	0.00	-0.58
1796	3	0	-3	0	-1	-2	-1	0	2	0	0	-3	1.7	-1.3	-1	0.7	0	0	2	-2	-3	0	1	0	-1	-1	0	-1	0	0.70	-1.70	0.00	-0.70	-0.42
1797	0	-1	-2	2	2	-3	2	2	0	0	0	2	-1.3	0.7	0.3	0	-0.08	-1	-2	-3	1	1	3	-2	-1	0	1	-2	1	-1.00	-0.30	0.00	-0.30	-0.42
1798	0	0	-2	2	1	2	0	1	1	0	0	-3	0.7	0.3	1	0.3	0.58	1	-1	-1	-3	1	1	1	-3	2	0	3	0	0.30	-1.00	-0.30	1.70	0.17
1799	-3	1	-2	-2	-2	-2	-1	0	-1	-1	-2	-3	-1.7	-2	-1	-1.3	-1.5	1	3	-1	3	2	0	3	0	2	3	0	-3	1.30	1.30	1.00	1.70	1.33
1800	1	-2	-3	3	2	-3	0	2	1	-2	1	-1	-1.3	0.7	-0.3	0	-0.25	3	-1	-2	3	1	1	-3	-3	1	0	0	0	-0.30	0.70	-1.70	0.30	-0.25
1801	2	0	1	0	1	-2	-1	0	1	1	1	1	0.3	0.7	-1	1	0.25	0	0	1	-1	3	-1	1	-3	2	2	2	3	0.00	1.00	-1.00	2.00	0.50
1802	-3	0	-1	1	0	2	-2	3	1	2	0	0	-0.7	0	1	1	0.33	-1	0	-1	-3	0	0	1	-3	-2	0	1	0	0.70	-1.30	-0.70	-0.30	-0.42
1803	-2	-3	-2	2	-3	-1	1	2	-3	-2	1	1	-1.7	-1	0.7	-1.3	-0.83	-1	-3	-3	0	-1	-2	-1	-3	-2	-1	2	0	-1.30	-1.30	-2.00	-0.30	-1.25
1804	3	-2	-2	0	2	2	-1	-1	0	0	0	-3	0.7	0	0	0	0.17	2	1	1	-1	0	-3	3	-3	-3	2	1	1	1.00	0.00	-1.00	0.00	0.00
1805	-2	0	-2	-2	-2	-2	-3	-2	0	-3	-3	-2	-1.7	-2	-2.3	-2	-2	2	0	-1	0	0	0	1	-2	-1	1	-3	0	1.00	-0.30	-0.30	-1.00	-0.17
1806	3	2	0	-3	2	0	-1	-1	-1	-1	2	3	1	-0.3	-0.7	0	0	2	0	1	-2	1	-3	3	0	0	-1	-1	0	0.70	0.00	0.00	-0.70	0.00
1807	-2	1	-3	-2	2	-2	2	3	-2	2	1	-2	0.7	-1	1	0.3	0.25	-1	2	-3	-3	0	-3	-3	-2	2	-1	2	-2	0.30	-2.00	-2.70	1.00	-0.83
1808	0	-2	-3	-2	3	-2	2	2	-1	-3	0	-3	-1.3	-0.7	0.7	-1.3	-0.67	0	0	-3	-1	-1	0	0	-2	3	2	-1	0	-0.70	-1.70	-0.70	1.30	-0.42
1809	1	3	-1	-3	0	-2	-1	0	-2	-3	-3	0	0.3	-1.3	-1	-2.7	-1.17	2	0	-2	1	1	-2	0	1	1	-3	0	0	0.70	0.00	-0.30	-0.70	-0.08
1810	-3	-3	2	-1	-1	-2	-2	-1	2	0	1	1	-2	0	-1.7	1	-0.67	-3	0	1	-2	3	-1	3	0	0	0	2	3	-1.00	0.70	0.70	0.70	0.25
1811	-3	2	2	2	3	2	1	0	0	3	1	-2	0	2.3	1	1.3	1.17	-1	2	-3	2	-2	0	-2	0	0	1	0	0	1.30	-1.00	-0.70	0.30	0.00
1812	-3	1	-2	-3	1	-2	-2	-2	-2	0	-3	-3	-1.3	-1.3	-2	-1.7	-1.58	-1	0	2	-3	0	0	0	0	0	2	0	-2	-0.30	-0.30	0.00	0.70	0.00
1813	-3	1	-2	1	0	-2	-3	-3	-3	-1	-1	-2	-1.7	-0.3	-2.7	-1.7	-1.58	-3	0	-3	-2	1	0	3	-3	0	0	-1	-1	-1.70	-1.30	0.00	-0.30	-0.83
1814	-2	-3	-3	2	-2	-2	0	-2	-3	-2	1	2	-2.3	-1	-1.3	-1.3	-1.5	3	-2	-3	-3	-2	1	2	-1	-3	-2	2	1	0.00	-2.70	0.70	-1.00	-0.75
1815	-3	2	2	1	1	-2	-2	-2	-1	0	-3	-2	0.3	1.3	-2	-1.3	-0.42	0	0	0	-1	0	-3	0	-1	-3	0	0	0	0.30	-0.30	-1.30	-1.00	-0.58
1816	0	-2	-2	-1	-2	-3	-3	-3	-2	-1	-3	-2	-1.3	-1.7	-3	-2	-2	1	0	0	1	1	0	3	1	-1	-1	2	-1	0.30	0.70	1.30	0.00	0.58
1817	2	2	-2	-3	-2	1	-2	-2	2	-3	0	-2	0.7	-2.3	-1	-0.3	-0.75	-1	0	0	-3	2	-1	0	0	-3	0	-1	-1	-0.70	-0.30	-0.30	-1.30	-0.67
1818	0	0	-1	1	-2	0	1	-1	-2	-2	2	-3	-0.7	-0.7	0	-0.7	-0.5	-1	0	1	-2	2	-3	-1	-3	0	0	-3	-3	-0.70	0.30	-2.30	-1.00	-0.92
1819	1	1	0	2	1	-1	0	0	0	-1	-2	-1	-0.3	1	-0.3	-1	-0.17	-1	1	-2	-1	1	1	0	-2	-2	0	0	0	-1.00	-0.70	-0.30	-0.70	-0.67
1820	-2	0	-3	3	0	-2	-1	2	-3	-2	-3	-2	-1	0	-0.3	-2.7	-1	-1	-2	-2	-3	-1	-2	3	-1	0	0	-1	-3	-1.00	-2.00	0.00	-0.30	-0.83
1821	0	-2	0	2	-2	-3	-3	0	0	-2	2	3	-1.3	0	-2	0	-0.83	1	-3	0	0	1	-3	3	0	-1	-2	-3	0	-1.70	0.30	0.00	-2.00	-0.83
1822	0	2	3	0	3	3	0	0	0	2	2	-3	1.7	2	1	1.3	1.5	-1	-3	-3	-3	0	-3	0	-1	-1	-1	0	-2	-1.30	-2.00	-1.30	-0.70	-1.33
1823	-3	2	-2	-1	1	-2	-2	0	0	-2	-3	1	-1.3	-0.7	-1.3	-1.7	-1.25	1	1	-1	0	-1	0	-1	-1	-2	0	-3	-1	0.00	-0.70	-0.70	-1.70	-0.75
1824	-1	1	-2	-2	-1	-2	1	0	1	0	2	3	0.3	-1.7	-0.3	1	-0.17	-1	-2	-2	-2	-1	0	-2	0	0	2	2	0	-1.30	-1.70	-0.70	1.30	-0.58
1825	0	-1	-3	2	0	-1	0	0	1	-1	2	2	0.7	-0.3	-0.3	0.7	0.17	0	0	-1	-3	0	-1	-1	0	-1	-1	3	0	0.00	-1.30	-0.70	0.30	-0.42
1826	-3	1	0	0	-2	1	2	3	2	2	-2	-1	0	-0.7	2	0.7	0.5	-3	-1	-3	-2	0	-3	0	-3	0	0	1	0	-1.30	-1.70	-2.00	0.30	-1.17
1827	-2	-3	1	2	2	-1	2	0	0	1	-3	2	-2	1.7	0.3	-0.7	-0.17	1	0	2	-3	3	0	-3	0	-3	1	-2	0	0.30	0.70	-1.00	-1.30	-0.33
1828	2	1	0	0	0	2	1	-2	0	-1	0	1	1.7	0	0.3	-0.3	0.42	0	0	-1	0	-1	-3	3	0	0	0	0	-3	0.00	-0.70	0.00	0.00	-0.17
1829	-3	-2	-1	0	0	-2	0	-2	-2	-2	-3	-3	-1.3	-0.3	-1.3	-2.3	-1.33	1	-1	0	3	-1	1	-1	0	3	0	0	-1	-1.00	0.70	0.00	1.00	0.17
1830	-3	-2	2	3	0	-2	1	-1	-2	-2	1	-2	-2.7	1.7	-0.7	-1	-0.67	-3	0	-1	2	0	1	1	0	2	-3	0	1	-1.30	0.30	0.70	-0.30	-0.17
1831	-2	0	2	1	-1	-2	0	0	-2	3	0	0	-1.3	0.7	-0.7	0.3	-0.25	0	0	0	-1	1	1	2	1	1	0	0	0	0.30	0.00	1.30	0.30	0.50
1832	-1	-1	-2	0	-2	-2	0	2	-2	-2	-1	0	-0.7	-1.3	0	-1.7	-0.92	0	-2	0	-3	0	0	-3	0	-3	-1	0	0	-0.70	-1.00	-1.00	-1.30	-1.00
1833	-3	3	-2	-2	3	2	-2	-3	-2	0	0	3	0	-0.3	-1	-0.7	-0.5	-3	2	-1	3	-3	0	0	-2	1	-1	-1	2	-0.30	-0.30	-0.70	-0.30	-0.42
1834	3	0	-1	-2	3	2	2	2	3	0	0	-2	2	0	2	1	1.25	2	-3	-3	-1	0	-2	1	0	-3	0	-1	-3	0.30	-1.30	-0.30	-1.30	-0.67
1835	0	1	-1	-1	0	-1	2	0	0	-2	-3	-3	-0.3	-0.7	0.3	-1.7	-0.58	0	1	0	-3	2	-3	-2	0	0	2	0	-3	-0.70	-0.30	-1.70	0.70	-0.50
1836	-1	-2	2	-2	-3	0	0	0	-2	0	0	0	-2	-1	0	-0.7	-0.92	0	0	0	-1	-1	1	-1	0	1	-2	3	2	-1.00	-0.70	0.00	0.70	-0.25
1837	-2	0	-3	-3	-3	2	-1	2	-3	-2	-1	0	-0.7	-3	1	-2	-1.17	-2	0	-1	0	1	-3	1	-1	-1	-1	2	-1	0.00	0.00	-1.00	0.00	-0.25
1838	-3	-2	-1	-3	0	-2	-1	-3	-1	-2	1	-2	-1.7	-1.3	-2	-0.7	-1.42	0	0	0	-2	1	1	-2	0	1	0	2	-1	-0.30	-0.30	-0.30	1.00	0.00
1839	-1	0	-2	-3	-2	3	0	-3	-2	1	1	2	-1	-2.3	0	0	-0.83	1	0	1	-2	0	-2	-2	0	2	0	0	2	0.00	-0.30	-1.30	0.70	-0.25
1840	1	-2	-3	2	0	-1	-3	0	-2	-3	2	-3	0.3	-0.3	-1.3	-1	-0.58	1	0	-3	-3	1	0	2	0	3	0	2	-3	1.00	-1.70	0.70	1.70	0.42
1841	-2	-2	2	0	3	-2	-3	-2	2	1	0	2	-2.3	1.7	-2.3	1	-0.5	1	0	0	0	0	1	1	0	0	2	0	3	-0.70	0.00	0.70	0.70	0.17
1842	-3	-2	0	-1	1	2	-1	2	-2	-3	-3	-1	-1	0	1	-2.7	-0.67	-1	-2	1	-3	0	-3	2	-2	2	1	1	-2	0.00	-0.70	-1.00	1.30	-0.08
1843	1	1	-1	0	-2	-3	-2	0	0	0	1	-1	0.3	-1	-1.7	0.3	-0.5	2	0	-2	2	3	1	0	0	-3	1	-1	-3	0.00	1.00	0.30	-1.00	0.08
1844	-2	-2	-1	2	-2	2	-1	-3	0	0	1	-3	-1.7	-0.3	-0.7	0.3	-0.58	0	1	0	-2	0	0	1	1	1	2	0	-3	-0.70	-0.70	0.70	1.00	0.08
1845	0	-3	-3	0	-3	0	0	-3	-1	-2	1	2	-2	-2	-1	-0.7	-1.42	0	0	1	0	2	1	0	1	1	0	0	3	-1.00	1.00	0.70	0.30	0.25
1846	0	2	1	0	0	3	2	2	0	0	-1	-3	1.3	0.3	2.3	-0.3	0.92	2	-1	1	2	0	0	0	0	0	1	0	0	1.30	1.00	0.00	0.30	0.67
1847	0	-2	-2	-3	3	-3	0	0	-3	-2	-1	-3	-1.7	-0.7	-1	-2	-1.33	0	0	-1	3	-1	1	0	1	0	0	-3	-1	0.00	0.30	0.70	-1.00	0.00
1848	-3	1	0	1	0	-1	-1	0	-2	-1	-2	-1	-1.7	0.3	-0.7	-1.7	-0.92	-2	0	2	3	-3	0	-1	0	-1	0	0	-2	-1.00	0.70	-0.30	-0.30	-0.25
1849	1	1	-2	-2	0	2	0	-2	0	1	-3	-2	0.3	-1.3	0	-0.7	-0.42	2	-1	-1	1	1	1	-1	-2	1	2	0	-1	-0.30	0.30	-0.70	1.00	0.08
1850	-3	2	-3	0	-2	-1	0	-2	-3	-3	2	-1	-1	-1.7	-1	-1.3	-1.25	0	0	-3	2	0	0	-1	0	-2	0	0	-2	-0.30	-0.30	-0.30	-0.70	-0.42
1851	0	-1	-1	0	-3	1	-1	0	-3	0	-3	-3	-0.7	-1.3	0	-2	-1	0	0	1	1	1	-3	3	1	1	0	-1	-3	-0.70	1.00	0.30	0.00	0.17
1852	2	0	-3	-2	0	-2	2	-1	-1	-2	3	2	-0.3	-1.7	-0.3	0	-0.58	0	0	-3	-2	0	1	0	3	2	1	0	-2	-1.00	-1.70	1.30	1.00	-0.08
1853	2	-2	-3	-2	-2	-2	0	1	-1	0	-1	-3	0.7	-2.3	-0.3	-0.7	-0.67	0	0	0	2	2	1	0	1	1	2	-2	-3	-0.70	1.30	0.70	0.30	0.42
1854	0	-2	-1	1	0	-2	0	-2	0	0	-3	1	-1.7	0	-1.3	-1	-1	-1	0	-3	-2	1	1	3	0	-3	0	1	2	-1.30	-1.30	1.30	-0.70	-0.50
1855	-3	-2	-2	-1	-2	-2	-2	2	-1	2	-3	-3	-1.3	-1.7	-0.7	-0.7	-1.08	-1	3	1	-1	1	0	1	-1	1	3	0	0	1.30	0.30	0.00	1.30	0.75
1856	1	0	-2	1	-2	1	-1	3	-2	0	-3	-1	-0.7	-1	1	-1.7	-0.58	3	-1	0	1	3	-1	0	0	2	-1	0	0	0.70	1.30	-0.30	0.30	0.50
1857	-1	-2	-2	-1	1	-1	2	2	1	1	-1	-2	-1.3	-0.7	1	0.3	-0.17	-1	-2	-1	1	1	0	-2	0	1	0	-2	-2	-1.00	0.30	-0.70	-0.30	-0.42
1858	-3	-2	-2	2	-3	3	-2	-1	2	0	-3	0	-2.3	-1	0	-0.3	-0.92	-3	0	-1	0	1	-3	2	0	0	0	0	0	-1.70	0.00	-0.30	0.00	-0.50
1859	0	1	2	0	-1	0	3	3	0	2	-2	-3	0.3	0.3	2	0	0.67	-1	0	-1	2	1	1	-2	-2	0	1	0	0	-0.30	0.70	-1.00	0.30	-0.08
1860	2	-2	-2	-2	0	-1	-3	-2	-2	-1	-3	-1	-1	-1.3	-2	-2	-1.58	2	0	1	0	0	1	0	1	3	0	2	1	0.70	0.30	0.70	1.70	0.83
1861	-3	2	0	-1	-1	2	0	3	0	2	0	-2	-0.7	-0.7	1.7	0.7	0.25	-3	-1	1	-2	-3	1	3	-3	2	-1	1	-2	-1.00	-1.30	0.30	0.70	-0.33
1862	0	1	2	3	3	-1	1	-1	0	2	-1	0	-0.3	2.7	-0.3	0.3	0.58	2	0	0	-1	0	1	-1	1	1	1	-1	0	0.00	-0.30	0.30	0.30	0.08
1863	2	0	0	2	1	1	0	2	-2	2	0	1	0.7	1	1	0	0.67	2	-3	0	0	-1	2	-3	0	3	0	0	-1	-0.30	-0.30	-0.30	1.00	0.00
1864	-3	-2	1	-1	0	-2	-1	-2	-2	-2	0	-3	-1.3	0	-1.7	-1.3	-1.08	-3	-1	0	-2	0	2	-2	-2	0	-2	1	-3	-1.70	-0.70	-0.70	-0.30	-0.83
1865	1	-2	-3	3	3	1	2	-1	2	1	1	-2	-1.3	1	0.7	1.3	0.42	1	1	0	-3	0	-2	-1	1	-3	1	0	-2	-0.30	-1.00	-0.70	-0.70	-0.67
1866	2	3	0	2	-2	2	0	-3	0	0	0	1	1	0	-0.3	0	0.17	0	3	3	0	1	-2	0	1	0	-2	0	0	0.30	1.30	-0.30	-0.70	0.17
1867	0	3	0	1	0	-1	-2	1	1	-2	-3	-2	1.3	0.3	-0.7	-1.3	-0.08	2	0	3	3	1	0	-1	-1	-1	1	-3	-1	0.70	2.30	-0.70	-1.00	0.33
1868	-2	1	-2	0	3	2	1	1	2	0	-3	3	-1	0.3	1.3	-0.3	0.08	-1	-3	0	0	-2	-2	0	-1	0	1	-1	1	-1.70	-0.70	-1.00	0.00	-0.83
1869	0	3	-3	2	1	-3	2	-2	1	-3	0	-2	2	0	-1	-0.7	0.08	-2	0	0	-1	1	-1	-1	-1	0	-1	0	1	-0.30	0.00	-1.00	-0.30	-0.42
1870	0	-2	-2	0	1	2	2	-3	-2	0	0	-3	-1.3	-0.3	0.3	-0.7	-0.5	-2	0	0	-3	-2	-3	0	0	-1	3	0	0	-0.30	-1.70	-1.00	0.70	-0.58
1871	-3	0	0	1	-2	-3	0	1	2	-3	-3	-3	-2	-0.3	-0.7	-1.3	-1.08	0	0	-1	2	-3	0	0	-2	0	1	-2	-3	0.00	-0.70	-0.70	-0.30	-0.42
1872	1	1	1	1	-2	-1	2	-2	0	0	2	2	-0.3	0	-0.3	0.7	0	1	0	-2	0	3	0	0	1	-3	3	2	0	-0.70	0.30	0.30	0.70	0.17
1873	1	0	2	-1	-2	0	2	2	-2	1	0	-2	1	-0.3	1.3	-0.3	0.42	0	0	1	1	0	-1	0	-1	0	0	0	-3	0.00	0.70	-0.70	0.00	0.00
1874	0	-1	-1	2	-3	1	2	-2	1	0	-3	-2	-1	-0.7	0.3	-0.7	-0.5	-3	-2	-1	-1	0	0	-1	0	-3	-1	0	1	-2.70	-0.70	-0.30	-1.30	-1.25
1875	2	-2	-2	0	2	2	-2	2	2	-2	0	-3	-0.7	0	0.7	0	0	1	-2	-1	-3	-1	0	3	0	0	3	2	-3	0.00	-1.70	1.00	1.70	0.25
1876	-2	1	0	0	-3	-1	1	2	-2	3	-1	2	-1.3	-1	0.7	0	-0.42	-3	3	3	2	0	2	-2	0	2	-3	0	0	-1.00	1.70	0.00	-0.30	0.08
1877	3	2	-2	0	-3	3	-1	1	-3	-2	2	0	2.3	-1.7	1	-1	0.17	0	1	1	1	3	-3	1	0	-2	0	2	0	0.30	1.70	-0.70	0.00	0.33
1878	-2	0	-2	0	1	-2	-1	-1	0	1	-2	-3	-0.7	-0.3	-1.3	-0.3	-0.67	-1	-2	0	3	3	3	0	3	-1	1	0	2	-1.00	2.00	2.00	0.00	0.75
1879	0	1	-1	-2	-3	0	-3	2	0	-2	-3	-3	-0.7	-2	-0.3	-1.7	-1.17	-1	2	-2	1	0	0	3	-1	-1	-1	0	-1	1.00	-0.30	0.70	-0.70	0.17
1880	-3	0	2	0	-2	-2	0	-1	0	-1	0	3	-2	0	-1	-0.3	-0.83	-3	0	-3	2	-2	1	0	1	1	3	0	0	-1.30	-1.00	0.70	1.30	-0.08
1881	-3	1	1	-2	-2	-1	2	0	-2	-3	2	-1	0.3	-1	0.3	-1	-0.33	0	0	0	0	-1	-1	-2	1	3	0	-1	0	0.00	-0.30	-0.70	0.70	-0.08
1882	-1	0	2	0	0	-2	-2	-3	-2	1	2	1	-0.7	0.7	-2.3	0.3	-0.5	-3	-2	-2	1	0	2	1	1	3	1	2	3	-1.70	-0.30	1.30	2.00	0.33
1883	0	2	-3	-1	0	-2	-2	-1	-1	-1	1	-1	1	-1.3	-1.7	-0.3	-0.58	0	0	-1	-1	0	1	2	-3	2	0	0	0	1.00	-0.70	0.00	0.70	0.25
1884	2	2	1	-2	1	-3	1	1	0	-1	-2	0	1	0	-0.3	-1	-0.08	0	0	-3	-1	0	-1	1	0	0	-1	-2	0	0.00	-1.30	0.00	-1.00	-0.58
1885	-2	3	-2	1	-3	2	1	-2	-2	-2	0	-2	0.3	-1.3	0.3	-1.3	-0.5	-3	2	0	0	2	-2	-2	-1	2	2	0	0	-0.30	0.70	-1.70	1.30	0.00
1886	-1	-2	-2	1	0	-2	0	0	2	1	1	0	-1.7	-0.3	-0.7	1.3	-0.33	0	-1	0	0	0	1	0	0	-1	1	2	2	-0.30	0.00	0.30	0.70	0.17
1887	-2	-2	-3	-1	-3	1	2	-1	-2	-3	-2	-2	-1.3	-2.3	0.7	-2.3	-1.33	-3	-3	2	-1	2	-3	0	0	0	0	1	2	-1.30	1.00	-1.00	0.30	-0.25
1888	-2	-2	-2	-2	0	-1	-3	-2	0	-3	1	-2	-2	-1.3	-2	-0.7	-1.5	-1	0	2	3	-1	1	3	0	1	1	0	-2	0.30	1.30	1.30	0.70	0.92
1889	-2	-2	-3	-2	2	2	-1	-2	-2	-2	-1	-3	-2	-1	-0.3	-1.7	-1.25	-3	2	0	0	0	3	0	0	0	3	0	-2	-1.00	0.00	1.00	1.00	0.25
1890	2	-2	-1	-1	0	-2	-2	-1	-2	-3	-1	-3	-1	-0.7	-1.7	-2	-1.33	1	-2	-2	1	1	0	0	3	-2	0	1	-2	-1.00	0.00	1.00	-0.30	-0.08
1891	-3	-2	-2	-2	-1	-1	-2	-2	0	2	-2	1	-2.7	-1.7	-1.7	0	-1.5	-2	-3	0	0	2	1	2	0	0	1	2	0	-2.30	0.70	1.00	1.00	0.08
1892	0	0	-3	0	0	0	-1	2	1	-2	2	-3	0.3	-1	0.3	0.3	0	0	2	0	-1	-2	0	0	-2	1	2	0	-1	0.70	-1.00	-0.70	1.00	0.00
1893	-3	2	1	3	0	1	0	2	0	2	-1	-2	-1.3	1.3	1	0.3	0.33	0	1	-2	-3	0	-1	1	-3	1	0	0	-2	0.00	-1.70	-1.00	0.30	-0.58
1894	-1	1	0	2	-2	-2	0	-1	-2	0	1	-2	-0.7	0	-1	-0.3	-0.5	-1	0	-2	0	2	-2	1	0	0	1	0	0	-1.00	0.00	-0.30	0.30	-0.25
1895	-3	-3	-2	1	0	0	0	0	3	-2	3	1	-2.7	-0.3	0	1.3	-0.42	2	0	0	0	0	-1	-1	0	-3	1	1	1	0.70	0.00	-0.70	-0.30	-0.08
1896	-1	-2	2	-2	-2	0	0	-3	-1	-2	-3	-1	-0.7	-0.7	-1	-2	-1.08	-3	-3	2	0	-1	2	2	1	2	3	0	1	-1.70	0.30	1.70	1.70	0.50
1897	-1	3	3	0	-2	2	0	0	-2	-2	-1	-1	0.3	0.3	0.7	-1.7	-0.08	-1	1	2	1	-1	-2	-1	2	2	-3	-3	0	0.30	0.70	-0.30	-1.30	-0.17
1898	1	0	-2	0	-2	-2	-2	2	1	2	2	0	0	-1.3	-0.7	1.7	-0.08	-3	0	0	1	3	2	-1	-2	-3	2	1	-1	-1.00	1.30	-0.30	0.00	0.00
1899	3	2	-1	0	-2	-1	0	2	0	0	0	-3	1.7	-1	0.3	0	0.25	2	-2	-3	3	0	-2	0	-3	0	0	-3	0	-0.30	0.00	-1.70	-1.00	-0.75
1900	2	2	-3	0	-2	2	2	-2	1	0	1	2	0.3	-1.7	0.7	0.7	0	3	1	0	0	0	-1	0	0	0	0	0	0	1.30	0.00	-0.30	0.00	0.25
1901	-2	-3	-2	0	0	0	1	-2	0	0	-3	0	-1	-0.7	-0.3	-1	-0.75	-1	0	0	3	-3	0	0	0	1	0	-2	0	-0.30	0.00	0.00	-0.30	-0.17
1902	1	-1	0	2	-3	-1	0	-1	-1	-2	-2	-2	0	-0.3	-0.7	-1.7	-0.67	0	2	1	0	1	0	0	2	0	1	-1	0	0.70	0.70	0.70	0.00	0.50
1903	0	2	2	-3	0	-2	-2	-1	0	2	1	-2	0	-0.3	-1.7	1	-0.25	0	-1	0	1	1	0	2	0	-2	2	1	-1	-0.30	0.70	0.70	0.30	0.33
1904	-1	1	-1	2	1	1	3	2	-2	0	-2	1	-0.7	0.7	2	-1.3	0.17	-1	3	0	0	1	0	-3	-1	0	0	-1	0	0.30	0.30	-1.30	-0.30	-0.25
1905	-2	0	1	0	-2	1	2	0	0	-3	0	0	-0.3	-0.3	1	-1	-0.17	-1	-1	2	1	0	-1	-2	3	2	0	1	-1	-0.70	1.00	0.00	1.00	0.33
1906	1	-1	-2	0	0	-2	0	2	-1	2	1	-2	0	-0.7	0	0.7	0	0	0	0	-1	0	-2	0	-3	-3	-2	1	1	-0.30	-0.30	-1.70	-1.30	-0.92
1907	-1	-2	-1	-2	0	-2	-3	0	0	2	1	2	-1.7	-1	-1.7	1	-0.83	0	0	0	1	1	1	0	-1	-1	1	-1	2	0.30	0.70	0.00	-0.30	0.17
1908	-2	0	-2	-2	1	2	0	-3	-2	-2	-2	-1	0	-1	-0.3	-2	-0.83	-3	2	0	1	1	-1	0	0	1	-3	0	0	0.30	0.70	-0.30	-0.70	0.00
1909	-2	-2	-2	1	-1	-2	-3	0	-2	2	-2	2	-1.7	-0.7	-1.7	-0.7	-1.17	-1	-2	1	0	-2	2	1	0	0	1	0	2	-1.00	-0.30	1.00	0.30	0.00
1910	1	1	0	-1	-2	-1	-2	-1	-2	2	0	2	1.3	-1	-1.3	0	-0.25	3	1	-1	0	0	3	2	0	0	0	3	1	2.00	-0.30	1.70	1.00	1.08
1911	-2	0	0	-2	0	-2	2	3	2	0	2	2	0	-0.7	1	1.3	0.42	-3	0	0	-1	-1	0	-3	-2	0	1	0	1	-0.70	-0.70	-1.70	0.30	-0.67
1912	1	2	3	-1	1	-1	-1	-3	-3	-2	-2	1	1.7	1	-1.7	-2.3	-0.33	0	0	2	-2	0	1	0	2	-2	1	-1	-1	0.30	0.00	1.00	-0.70	0.17
1913	2	0	2	0	0	-1	-3	-2	-2	2	3	0	1	0.7	-2	1	0.17	1	-1	1	0	0	0	1	0	1	0	2	0	-0.30	0.30	0.30	1.00	0.33
1914	-3	1	1	3	-2	-2	-2	0	-2	-1	-1	2	-0.7	0.7	-1.3	-1.3	-0.67	0	0	3	-1	2	0	2	1	0	-1	0	2	0.00	1.30	1.00	-0.30	0.50
1915	1	0	-2	-2	2	2	-1	-2	-2	-3	-3	3	1	-0.7	-0.3	-2.7	-0.67	2	0	0	0	0	0	0	0	0	-2	1	1	1.30	0.00	0.00	-0.30	0.25
1916	3	1	0	0	0	-3	-2	0	-2	1	0	1	2.3	0	-1.7	-0.3	0.08	-1	2	1	1	0	2	0	0	0	2	1	3	0.70	0.70	0.70	1.00	0.75
1917	-1	-2	-3	-3	3	2	0	-1	2	-2	0	-3	-0.7	-1	0.3	0	-0.33	-1	-2	2	0	0	-1	3	3	-2	3	0	-3	0.00	0.70	1.70	0.30	0.67
1918	0	0	0	0	2	-3	0	0	0	-2	-1	3	-1	0.7	-1	-1	-0.58	0	-2	0	1	-3	1	0	-2	3	0	0	3	-1.70	-0.70	-0.30	1.00	-0.42
1919	0	-1	-1	-3	0	0	-3	2	2	-3	-2	1	0.7	-1.3	-0.3	-1	-0.5	0	2	3	2	-3	-2	1	-3	0	0	2	3	1.70	0.70	-1.30	0.70	0.42
1920	3	1	2	1	2	-1	0	-3	0	-2	-3	-1	1.7	1.7	-1.3	-1.7	0.08	1	-2	0	2	0	0	1	0	2	-2	-3	0	0.70	0.70	0.30	-1.00	0.17
1921	3	0	1	-1	1	0	3	0	1	3	-3	-1	0.7	0.3	1	0.3	0.58	1	-2	-2	-1	1	-2	-2	0	0	-2	-2	-1	-0.30	-0.70	-1.30	-1.30	-0.92
1922	0	-1	0	-2	2	0	-2	-2	-2	-3	-2	1	-0.7	0	-1.3	-2.3	-1.08	3	2	1	3	-2	0	2	0	1	2	0	1	1.30	0.70	0.70	1.00	0.92
1923	0	2	0	0	-1	-3	2	1	-1	3	-1	-1	1	-0.3	0	0.3	0.25	-1	2	0	1	1	-1	-1	0	0	2	3	3	0.70	0.70	-0.70	1.70	0.58
1924	-1	-2	-1	0	1	-1	0	-3	0	1	0	-1	-1.3	0	-1.3	0.3	-0.58	-2	0	0	2	2	0	1	1	0	0	-3	-2	0.30	1.30	0.70	-1.00	0.33
1925	2	2	-3	0	0	1	-1	-1	-3	0	-2	0	1	-1	-0.3	-1.7	-0.5	-1	1	-1	1	1	-3	1	0	1	-1	0	2	-0.70	0.30	-0.70	0.00	-0.25
1926	0	3	0	2	-2	-3	-1	0	2	1	2	-2	1	0	-1.3	1.7	0.33	2	1	0	0	3	1	1	-2	-1	2	0	-2	1.70	1.00	0.00	0.30	0.75
1927	1	0	1	0	0	-1	0	-1	0	0	0	-2	-0.3	0.3	-0.7	0	-0.17	1	0	2	1	0	2	1	3	2	-2	0	0	-0.30	1.00	2.00	0.00	0.67
1928	2	2	0	0	-2	-1	2	2	0	0	2	0	0.7	-0.7	1	0.7	0.42	1	0	0	0	1	0	-3	0	-1	1	2	1	0.30	0.30	-1.00	0.70	0.08
1929	-2	-3	-1	-2	1	1	1	0	3	2	1	3	-1.7	-0.7	0.7	2	0.08	-3	-2	-3	0	0	0	0	0	-2	0	0	2	-1.30	-1.00	0.00	-0.70	-0.75
1930	2	0	1	1	-2	3	-2	0	0	1	3	0	1.7	0	0.3	1.3	0.83	0	0	0	3	3	0	3	0	0	2	2	0	0.70	2.00	1.00	1.30	1.25
1931	0	-2	-3	-1	3	2	-1	-2	-3	-2	2	-2	-0.7	-0.3	-0.3	-1	-0.58	2	0	1	0	0	0	2	2	-1	0	-1	0	0.70	0.30	1.30	-0.70	0.42
1932	1	-3	-3	-1	-2	-2	-1	3	3	1	1	-1	-1.3	-2	0	1.7	-0.42	-1	-3	1	0	2	-1	3	0	0	1	-1	-2	-1.30	1.00	0.70	0.00	0.08
1933	-1	0	1	0	-2	-3	1	2	2	1	-1	-3	-0.7	-0.3	0	0.7	-0.08	-2	0	0	-1	2	3	0	-2	0	1	0	-3	-1.30	0.30	0.30	0.30	-0.08
1934	0	-2	0	3	2	2	1	-1	2	1	-2	3	-1.7	1.7	0.7	0.3	0.25	0	-3	1	-2	-3	0	0	1	-1	0	-2	1	-2.00	-1.30	0.30	-1.00	-1.00
1935	-1	2	-1	0	-2	2	2	0	1	0	2	-1	1.3	-1	1.3	1	0.67	-1	3	-1	2	0	-1	-2	0	0	2	1	3	1.00	0.30	-1.00	1.00	0.33
1936	3	0	2	-1	0	-1	-1	0	0	-3	1	1	0.7	0.3	-0.7	-0.7	-0.08	2	1	-2	2	-1	0	3	-2	2	0	0	-2	2.00	-0.30	0.30	0.70	0.67
1937	2	2	-1	0	3	2	0	1	0	0	0	-1	1.7	0.7	1	0	0.83	2	3	3	1	0	0	-3	0	3	-1	0	0	1.00	1.30	-1.00	0.70	0.50
1938	2	0	3	-3	-2	2	0	0	1	-1	3	-3	0.3	-0.7	0.7	1	0.33	2	-1	-2	-3	1	0	1	0	0	0	-1	0	0.30	-1.30	0.30	-0.30	-0.25
1939	2	0	-2	1	-3	1	-2	0	-1	-2	3	-2	-0.3	-1.3	-0.3	0	-0.5	1	-2	0	0	3	0	1	0	0	3	2	0	-0.30	1.00	0.30	1.70	0.67
1940	-3	-1	0	1	0	0	-2	-2	0	-1	2	-3	-2	0.3	-1.3	0.3	-0.67	0	0	0	0	0	1	2	-1	3	0	2	0	0.00	0.00	0.70	1.70	0.58
1941	-3	0	1	-2	-3	1	1	-2	-2	0	0	0	-2	-1.3	0	-0.7	-1	1	1	0	0	2	0	-1	2	-3	0	0	-2	0.70	0.70	0.30	-1.00	0.17
1942	-3	-3	0	1	0	0	0	1	2	3	-1	0	-2	0.3	0.3	1.3	0	1	-2	0	0	0	0	-1	-1	0	0	0	-2	-1.00	0.00	-0.70	0.00	-0.42
1943	1	2	2	2	1	-2	1	3	1	3	-1	0	1	1.7	0.7	1	1.08	2	0	0	-1	0	0	0	-3	2	-3	0	-2	0.00	-0.30	-1.00	-0.30	-0.42
1944	2	-2	-2	2	0	-2	0	3	0	-1	1	-1	0	0	0.3	0	0.08	0	0	0	-2	-2	0	0	-1	2	1	3	0	-0.70	-1.30	-0.30	2.00	-0.08
1945	-3	3	2	2	3	3	2	0	2	0	-1	0	-0.3	2.3	1.7	0.3	1	0	0	-1	-1	0	-3	-2	1	0	0	-2	0	0.00	-0.70	-1.30	-0.70	-0.67
1946	-1	2	1	2	1	-1	2	0	1	-1	0	-2	0.3	1.3	0.3	0	0.5	-1	0	-2	-3	1	1	-1	1	0	-2	0	0	-0.30	-1.30	0.30	-0.70	-0.50
1947	-2	-2	1	3	2	3	2	3	3	1	2	1	-2	2	2.7	2	1.17	-1	0	3	-3	-1	-2	-1	-2	-2	-2	1	1	-0.30	-0.30	-1.70	-1.00	-0.83
1948	3	1	3	2	1	-1	-2	0	0	1	0	-1	1.7	2	-1	0.3	0.75	3	-1	-2	0	-1	2	1	1	0	-2	-1	-2	1.00	-1.00	1.30	-1.00	0.08
1949	0	0	-2	3	-2	0	2	2	3	3	0	2	-0.3	-0.3	1.3	2	0.67	0	-3	0	-1	0	-3	-2	-1	0	-1	1	0	-1.70	-0.30	-2.00	0.00	-1.00
1950	0	3	1	-2	2	3	2	2	0	0	2	-3	1.7	0.3	2.3	0.7	1.25	0	0	-3	1	0	-2	-2	0	2	-2	3	0	0.00	-0.70	-1.30	1.00	-0.25
1951	2	2	0	0	-1	-1	0	0	2	-1	2	0	0.3	-0.3	-0.3	1	0.17	0	2	1	0	1	1	-1	0	0	-1	2	0	0.70	0.70	0.00	0.30	0.42
1952	0	-2	2	2	1	2	3	2	-3	-1	-1	-1	-0.7	1.7	2.3	-1.7	0.42	0	0	1	-1	-1	-1	-3	0	1	3	3	0	0.00	-0.30	-1.30	2.30	0.17
1953	-2	-1	1	2	2	-1	0	1	1	2	0	2	-1.3	1.7	0	1	0.33	-3	-1	-3	0	-2	3	0	-2	0	-1	-2	-2	-1.30	-1.70	0.30	-1.00	-0.92
1954	-2	-2	1	-2	-1	0	-2	-2	1	1	2	2	-0.7	-0.7	-1.3	1.3	-0.33	0	0	-1	-1	0	-1	0	3	2	0	0	1	-0.70	-0.70	0.70	0.70	0.00
1955	0	0	-2	0	-1	-1	0	0	0	-2	-1	3	0.7	-1	-0.3	-1	-0.42	3	3	-2	-3	1	0	0	0	-1	-1	-2	2	2.30	-1.30	0.00	-1.30	-0.08
1956	2	-3	0	-2	0	-2	-1	-3	1	-1	-2	0	0.7	-0.7	-2	-0.7	-0.67	2	-1	-1	1	0	-1	2	2	0	0	-2	-2	1.00	0.00	1.00	-0.70	0.33
1957	0	3	3	0	-3	1	0	-2	0	0	0	-1	1	0	-0.3	0	0.17	-1	3	-2	-2	-1	1	1	0	0	-2	-1	-2	0.00	-1.70	0.70	-1.00	-0.50
1958	1	2	-3	-2	2	-1	0	2	2	0	0	2	0.7	-1	0.3	0.7	0.17	1	3	0	0	-1	1	0	2	0	0	0	0	0.70	-0.30	1.00	0.00	0.33
1959	0	0	3	1	1	1	2	0	2	0	-1	2	0.7	1.7	1	0.3	0.92	2	-3	2	0	-3	0	-1	-1	-3	0	0	1	-0.30	-0.30	-0.70	-1.00	-0.58
1960	0	1	2	0	1	2	-2	0	-2	0	3	0	1	1	0	0.3	0.58	2	2	0	-2	0	0	0	3	1	2	2	0	1.70	-0.70	1.00	1.70	0.92
1961	1	3	2	3	-1	1	-1	0	3	2	0	0	1.3	1.3	0	1.7	1.08	2	0	-2	1	1	-3	0	0	-3	0	-1	1	0.70	0.00	-1.00	-1.30	-0.42
1962	2	0	-3	0	-2	-1	-1	2	0	0	-3	-3	0.7	-1.7	0	-1	-0.5	2	0	0	0	1	-3	-2	-1	0	-3	-2	2	1.00	0.30	-2.00	-1.70	-0.58
1963	-3	-3	0	2	-1	0	2	-1	2	1	3	-3	-3	0.3	0.3	2	-0.08	0	0	2	0	0	2	-2	2	0	-1	3	-3	0.70	0.70	0.70	0.70	0.67
1964	-2	2	-2	2	3	2	2	0	2	0	2	-1	-1	1	1.3	1.3	0.67	-3	0	3	0	0	0	-1	0	0	0	0	-1	-2.00	1.00	-0.30	0.00	-0.33
1965	2	-2	0	0	-1	1	-2	-1	-2	0	0	3	-0.3	-0.3	-0.7	-0.7	-0.5	1	-2	1	2	2	0	3	0	3	-2	2	3	-0.70	1.70	1.00	1.00	0.75
1966	-2	3	0	2	1	2	-2	-2	1	3	-2	2	1.3	1	-0.7	0.7	0.58	1	3	0	2	0	-2	0	1	-1	0	0	2	2.30	0.70	-0.30	-0.30	0.58
1967	1	2	2	-1	0	-2	2	0	0	3	0	-2	1.7	0.3	0	1	0.75	0	0	1	-3	2	-1	0	0	2	-1	1	0	0.70	0.00	-0.30	0.70	0.25
1968	0	1	1	1	-2	-1	0	-1	0	3	0	-1	-0.3	0	-0.7	1	0	2	2	-1	1	1	-1	1	3	3	0	0	0	1.30	0.30	1.00	1.00	0.92
1969	2	-2	0	0	1	-2	2	-1	1	2	2	-3	-0.3	0.3	-0.3	1.7	0.33	0	0	0	1	1	3	-1	0	-1	-3	2	0	0.00	0.70	0.70	-0.70	0.17
1970	0	1	-2	-2	-1	2	0	1	1	0	3	-2	-0.7	-1.7	1	1.3	0	0	3	1	3	0	0	-1	0	-2	0	1	-1	1.00	1.30	-0.30	-0.30	0.42
1971	-1	0	-3	3	2	-2	2	2	-1	2	0	1	-1	0.7	0.7	0.3	0.17	0	0	0	-1	1	2	-2	1	-2	-2	0	-2	-0.30	0.00	0.30	-1.30	-0.33
1972	0	2	2	0	-1	-2	0	-1	-3	-2	2	-2	1	0.3	-1	-1	-0.17	-1	0	-1	0	1	0	0	-1	-3	-3	3	-1	-1.00	0.00	-0.30	-1.00	-0.58
1973	0	0	-1	-2	1	1	0	2	2	-1	0	0	-0.7	-0.7	1	0.3	0	-1	0	-2	1	1	1	1	-1	0	0	0	0	-0.70	0.00	0.30	0.00	-0.08
1974	3	2	3	0	-1	-2	0	2	0	-3	2	3	1.7	0.7	0	-0.3	0.5	1	1	0	-2	2	0	0	-1	0	2	2	0	0.70	0.00	-0.30	1.30	0.42
1975	3	1	-1	0	-1	-2	1	2	3	-1	1	-2	2.3	-0.7	0.3	1	0.75	2	-2	1	0	0	0	-1	3	1	0	2	-1	0.00	0.30	0.70	1.00	0.50
1976	2	1	-1	0	1	3	2	0	-1	2	2	-1	0.3	0	1.7	1	0.75	-1	0	-3	-2	0	-3	1	0	2	0	1	1	-0.70	-1.70	-0.70	1.00	-0.50
1977	1	3	3	-2	-1	-1	0	-1	-2	3	2	1	1	0	-0.7	1	0.33	2	3	0	3	1	2	2	0	-3	0	1	0	2.00	1.30	1.30	-0.70	1.00
1978	1	0	2	0	-1	-1	0	-2	0	0	0	2	0.7	0.3	-1	0	0	2	3	3	-1	1	0	0	0	-1	-1	-3	3	1.70	1.00	0.00	-1.70	0.25
1979	-2	1	2	-1	0	2	0	-1	1	2	1	3	0.3	0.3	0.3	1.3	0.58	3	2	3	1	1	1	-2	1	-1	0	1	2	2.70	1.70	0.00	0.00	1.08
1980	-1	2	0	-2	-2	-2	-3	1	0	-1	-2	-3	1.3	-1.3	-1.3	-1	-0.58	1	0	2	-1	0	1	2	0	-2	1	0	0	1.00	0.30	1.00	-0.30	0.50
1981	-2	-2	3	2	0	0	-2	1	0	0	0	-1	-2.3	1.7	-0.3	0	-0.25	1	0	2	-3	1	-2	2	-2	2	2	0	3	0.30	0.00	-0.70	1.30	0.25
1982	0	-1	0	0	0	0	2	0	2	1	1	2	-0.7	0	0.7	1.3	0.33	1	-1	1	-3	0	2	0	1	-1	2	0	2	1.00	-0.70	1.00	0.30	0.42
1983	2	-2	0	0	-3	2	3	2	0	1	-1	-1	0.7	-1	2.3	0	0.5	0	0	0	1	3	-1	-2	-1	0	0	-1	0	0.70	1.30	-1.30	-0.30	0.08
1984	1	-1	-2	0	-3	-1	0	0	-2	2	2	0	-0.3	-1.7	-0.3	0.7	-0.42	2	0	0	-2	1	-2	-3	-1	3	0	0	0	0.70	-0.30	-2.00	1.00	-0.17
1985	-3	-2	-2	0	0	-2	2	0	2	1	-3	2	-1.7	-0.7	0	0	-0.58	1	0	0	0	2	1	0	0	-3	-3	1	-1	0.30	0.70	0.30	-1.70	-0.08
1986	1	-3	-2	-2	2	0	0	0	0	2	1	0	0	-0.7	0	1	0.08	3	0	0	2	1	0	-1	0	-2	0	0	1	0.70	1.00	-0.30	-0.70	0.17
1987	-2	0	-3	2	-3	-2	0	0	3	2	1	1	-0.7	-1.3	-0.7	2	-0.17	0	1	0	-1	2	3	1	0	0	1	0	-1	0.70	0.30	1.30	0.30	0.67
1988	3	1	-2	1	2	0	0	1	0	2	0	2	1.7	0.3	0.3	0.7	0.75	2	0	3	0	2	0	1	0	0	1	0	0	0.30	1.70	0.30	0.30	0.67
1989	2	1	3	0	2	0	0	1	0	2	-2	0	1.7	1.7	0.3	0	0.92	-3	0	0	2	-3	-3	0	-1	-1	0	-2	0	-1.00	-0.30	-1.30	-1.00	-0.92
