== df_double_falsehood
scene  words     ye     em   hath    has   doth   does    ith    tis    sir   thou   I_am     im    ill   dont    its fem_pr  nverse
1.1      372   0.00   0.00   5.38   0.00   2.69   0.00   0.00   0.00   2.69  18.82   0.00   0.00   0.00   0.00   2.69   0.35  43
1.2     1868   0.00   0.54   1.07   2.68   0.54   0.00   0.00   1.61   4.82   7.49   0.54   1.07   0.54   0.00   0.54   0.39  118
1.3      633   0.00   1.58   0.00   0.00   1.58   1.58   0.00   3.16   1.58   0.00   1.58   0.00   0.00   0.00   0.00   0.45  64
2.1      477   0.00   0.00   0.00   0.00   0.00   2.10   0.00   4.19   0.00   4.19   0.00   0.00   0.00   0.00   0.00   0.22  9
2.2      355   0.00   0.00   0.00   2.82   0.00   0.00   0.00   0.00   2.82   8.45   2.82   0.00   8.45   0.00   0.00   0.40  35
2.3     1785   0.00   0.00   0.00   2.24   0.00   0.56   0.00   3.36   5.60   7.28   2.24   1.12   1.12   0.56   0.56   0.40  117
2.4      312   0.00   6.41   0.00   3.21   0.00   0.00   0.00   0.00  12.82   3.21   3.21   0.00   0.00   0.00   0.00   0.34  35
3.1      338   0.00   2.96   0.00   0.00   0.00   0.00   0.00   2.96   5.92   5.92   8.88   0.00   2.96   0.00   2.96   0.57  37
3.2     1392   0.00   0.72   2.87   1.44   0.00   0.72   0.72   2.16   2.16  10.78   0.00   1.44   2.16   0.00   0.00   0.40  147
3.3     1323   0.00   0.00   0.00   4.54   0.00   0.76   0.00   1.51   6.80  19.65   4.54   2.27   1.51   0.00   0.00   0.48  121
4.1     2082   0.00   0.48   0.96   3.84   0.00   1.44   0.96   5.28   8.65   8.17   0.48   2.40   2.88   0.48   0.48   0.38  156
4.2      943   0.00   0.00   0.00   3.18   0.00   0.00   0.00   4.24   5.30   7.42   2.12   2.12   2.12   0.00   0.00   0.46  99
5.1      675   0.00   0.00   0.00   7.41   0.00   0.00   0.00   0.00   7.41   8.89   5.93   0.00   2.96   0.00   0.00   0.43  74
5.2     2311   0.00   1.30   0.00   6.06   0.00   0.00   0.43   4.76   6.06  14.71   0.43   0.43   1.73   0.00   0.00   0.46  209
== collab_henry8
scene  words     ye     em   hath    has   doth   does    ith    tis    sir   thou   I_am     im    ill   dont    its fem_pr  nverse
1.1     1856   0.54   1.08   2.69   2.16   0.00   0.54   0.54   3.23   2.16   0.54   2.69   0.00   2.16   0.00   0.00   0.39  191
1.2     1727   0.00   1.16   1.74   0.58   0.58   0.58   0.58   2.90   2.32   2.32   2.90   0.00   1.16   0.00   0.00   0.37  184
1.3      577   0.00  12.13   0.00   3.47   0.00   0.00   0.00   5.20   6.93   0.00   5.20   1.73   1.73   0.00   0.00   0.67  49
1.4      929   4.31  12.92   0.00   1.08   0.00   0.00   0.00   1.08   6.46   1.08   2.15   0.00   3.23   0.00   0.00   0.54  74
2.1     1423   2.81   1.41   0.00   2.81   0.00   0.70   0.00   3.51   7.03   0.00   2.11   0.00   1.41   0.00   0.00   0.48  143
2.2     1205   2.49   1.66   0.83   7.47   0.00   0.00   0.00   2.49   2.49   0.83   0.83   0.00   2.49   0.00   0.00   0.47  107
2.3      892   0.00   0.00   1.12   0.00   0.00   1.12   0.00   6.73   0.00   0.00   1.12   0.00   2.24   0.00   0.00   0.36  87
2.4     1916   0.00   0.00   1.57   1.04   0.00   0.52   0.00   1.04   3.65   3.65   3.13   0.00   0.52   0.00   0.00   0.43  213
3.1     1520  13.16   3.29   0.00   2.63   0.00   0.00   0.00   1.32   0.66   1.32   5.26   0.00   0.66   0.00   0.00   0.52  155
3.2     3823   1.57   1.05   2.09   3.40   0.26   1.31   0.00   3.14   1.57   8.63   2.09   0.00   0.52   0.00   0.00   0.48  389
4.0      881   3.41   2.27   0.00   2.27   0.00   0.00   0.00   3.41   6.81   2.27   2.27   0.00   1.14   0.00   0.00   0.50  62
4.1      293   0.00   3.41   0.00   0.00   0.00   0.00   0.00  13.65   6.83   0.00   3.41   0.00   3.41   0.00   0.00   0.47  30
4.2     1429   3.50   2.10   0.00   0.00   0.00   1.40   0.00   0.70   0.70   3.50   2.80   0.00   0.00   0.00   0.00   0.52  151
5.1     1486   0.00   0.00   2.02   0.67   0.00   1.35   0.00   4.71  12.79   6.06   1.35   0.00   4.04   0.00   0.00   0.46  140
5.2     1845   6.50   3.25   0.00   1.08   0.00   0.54   0.00   4.34   0.54   3.25   1.63   1.63   0.54   0.00   0.00   0.49  184
5.3      802   8.73  16.21   0.00   0.00   0.00   0.00   0.00   2.49   6.23   0.00   1.25   0.00   6.23   0.00   0.00   0.61  38
5.4      657   9.13   1.52   0.00   4.57   0.00   1.52   0.00   0.00   1.52   7.61   3.04   0.00   0.00   0.00   0.00   0.47  70
== collab_tnk
scene  words     ye     em   hath    has   doth   does    ith    tis    sir   thou   I_am     im    ill   dont    its fem_pr  nverse
1.1     1814   0.00   0.55   1.10   0.00   0.55   1.10   0.00   0.55   1.10  12.68   2.21   0.00   1.65   0.00   0.00   0.40  169
1.2      940   0.00   0.00   3.19   0.00   0.00   1.06   0.00   5.32   0.00   0.00   2.13   0.00   0.00   0.00   1.06   0.36  102
1.3      805   0.00   1.24   1.24   2.48   0.00   0.00   0.00   1.24   2.48   3.73   2.48   0.00   2.48   0.00   0.00   0.44  87
1.4      406   0.00  12.32   2.46   0.00   0.00   2.46   0.00   4.93   0.00   7.39   0.00   0.00   0.00   0.00   0.00   0.48  42
1.5      103   0.00   0.00   0.00   0.00   0.00   0.00   0.00   0.00   0.00   0.00   0.00   0.00   0.00   0.00   0.00   0.40  5
2.1      494   0.00   4.05   0.00   0.00   0.00   0.00   0.00   2.02   6.07   0.00   4.05   0.00   0.00   0.00   0.00   0.85  48
2.2     2386   2.93   2.51   0.42   0.84   0.00   0.00   0.42   2.93   1.68  12.15   3.35   0.00   2.10   0.00   0.00   0.54  222
2.3      716   2.79   1.40   0.00   5.59   0.00   1.40   0.00   5.59   4.19   8.38   4.19   0.00  11.17   0.00   0.00   0.46  48
2.4      287   0.00   0.00   0.00   6.97   0.00   0.00   0.00   3.48   0.00   6.97   3.48   0.00   0.00   0.00   0.00   0.56  32
2.5      566   0.00   0.00   0.00   0.00   0.00   0.00   0.00   1.77  15.90   3.53   1.77   0.00   3.53   0.00   0.00   0.65  46
2.6      352   0.00   0.00   0.00   2.84   0.00   0.00   0.00   0.00   0.00   2.84   5.68   0.00  11.36   0.00   0.00   0.64  39
3.1     1036   0.00   0.00   0.97   0.97   0.00   0.00   0.00   0.97   3.86  20.27   2.90   0.00   2.90   0.00   0.00   0.45  106
3.2      336   0.00   0.00   2.98   2.98   0.00   0.00   0.00   5.95   0.00   2.98   2.98   0.00   2.98   0.00   0.00   0.36  36
3.3      483   0.00   0.00   0.00   2.07   0.00   0.00   0.00   2.07  10.35   8.28   4.14   0.00  10.35   0.00   0.00   0.53  30
3.4      232   0.00   0.00   0.00   4.31   0.00   0.00   0.00   0.00   0.00   0.00   8.62   0.00  17.24   0.00   0.00   0.43  21
3.5     1203   6.65   0.00   0.00   0.00   0.00   1.66   0.00   0.83   4.99  11.64   0.00   0.00   2.49   0.00   0.00   0.48  79
3.6     2678   4.11   1.87   0.00   1.49   0.00   0.00   1.49   1.87   5.23  20.91   5.60   0.00   6.35   0.00   0.00   0.61  246
4.1     1301   2.31   1.54   0.00   2.31   0.00   0.77   0.00   4.61   7.69   0.77   0.00   0.00   4.61   0.00   0.00   0.46  108
4.2     1326   0.00   3.77   0.00   6.03   0.00   0.75   0.00   0.75   3.02   3.77   1.51   0.00   0.75   0.00   0.00   0.51  142
4.3      860   0.00   0.00   2.33   1.16   0.00   0.00   0.00   2.33   3.49   0.00   0.00   0.00   2.33   0.00   0.00   0.87  70
5.1     1383   2.89   0.72   0.00   0.72   0.00   0.00   0.00   0.72   1.45  24.58   3.62   0.00   0.00   0.00   0.00   0.41  163
5.2      998   4.01   0.00   0.00   6.01   0.00   0.00   1.00   4.01   4.01   0.00   5.01   0.00   5.01   0.00   0.00   0.57  63
5.3     1205   0.00   0.83   0.00   1.66   0.00   1.66   0.00   1.66   1.66   2.49   2.49   0.00   0.83   0.00   0.00   0.46  123
5.4     1127   0.00   1.77   3.55   0.89   0.00   1.77   0.00   1.77   1.77   8.87   1.77   0.00   0.89   0.00   0.00   0.43  101

== group reference (mean ± sd across plays)
group    n          ye          em        hath         has        doth        does         ith         tis         sir        thou        I_am          im         ill        dont         its      fem_pr
SH      27  0.29±0.25  0.12±0.23  2.36±0.53  0.35±0.40  1.14±0.60  0.35±0.40  0.06±0.11  2.01±0.84  3.40±2.41 15.31±4.61  2.42±0.75  0.01±0.02  2.23±0.81  0.00±0.01  0.00±0.00  0.28±0.07 
FL      16 13.35±6.55  2.16±1.43  0.28±0.55  2.11±0.71  0.13±0.49  0.61±0.36  0.56±0.45  4.14±1.24  7.18±2.86 11.55±5.13  3.68±0.92  0.04±0.10  4.08±1.27  0.01±0.02  0.01±0.03  0.68±0.15 
BF       7  1.18±1.39  0.63±0.72  0.52±0.24  1.72±0.44  0.16±0.06  0.58±0.30  0.27±0.20  4.00±0.59  6.88±3.57 15.23±6.35  4.05±1.06  0.11±0.10  3.44±1.21  0.01±0.02  0.03±0.03  0.39±0.09 
FX      25  4.32±3.96  1.48±0.92  0.82±0.54  1.54±0.56  0.20±0.30  0.58±0.22  0.42±0.37  4.01±1.01  6.58±3.50 10.62±4.75  3.27±1.12  0.28±0.59  3.24±0.96  0.01±0.02  0.02±0.04  0.56±0.09 
MA      11  0.03±0.05  0.85±0.48  1.29±0.44  0.50±0.32  0.01±0.02  0.76±0.29  0.05±0.07  3.67±0.61  3.72±1.65  5.79±2.53  3.50±0.61  0.02±0.07  2.07±0.63  0.00±0.00  0.03±0.04  0.50±0.05 
JAC     79  0.59±0.86  0.52±0.60  1.36±0.85  1.29±0.94  0.50±0.38  0.58±0.44  0.28±0.36  3.23±1.22  5.12±3.32 10.73±4.84  2.49±0.97  0.28±0.39  2.94±1.20  0.02±0.04  0.06±0.10  0.36±0.10 
ADAPT   45  2.61±3.62  1.78±1.34  0.31±0.57  2.36±0.89  0.14±0.36  0.77±0.39  0.39±0.48  3.31±1.17  4.80±4.26 12.63±6.00  2.07±1.22  0.68±0.76  2.68±1.53  0.27±0.48  0.24±0.21  0.43±0.16 
R18     28  0.70±0.67  0.79±0.62  0.05±0.21  2.85±0.94  0.03±0.14  0.66±0.38  0.03±0.06  3.19±1.26  2.70±3.41 17.98±10.68  1.75±1.01  1.06±1.03  1.96±1.64  0.72±1.08  0.61±0.58  0.34±0.11 
THEO     4  0.51±0.18  0.65±0.40  0.05±0.06  1.84±0.86  0.00±0.00  0.39±0.13  0.09±0.12  1.49±0.25  0.72±0.34 12.67±5.26  0.23±0.14  0.43±0.09  0.38±0.30  0.00±0.00  1.52±0.94  0.22±0.11 
THEOT    4  0.40±0.12  0.48±0.09  0.02±0.03  2.64±0.12  0.00±0.00  0.89±0.23  0.07±0.09  1.87±0.58  0.71±0.56  9.06±5.71  0.48±0.08  0.31±0.14  0.30±0.13  0.55±0.58  0.80±0.34  0.52±0.17 
THEOV    1  0.00±0.00  0.34±0.00  0.00±0.00  0.51±0.00  0.17±0.00  1.37±0.00  0.00±0.00  0.69±0.00  0.00±0.00 12.69±0.00  0.17±0.00  0.00±0.00  0.00±0.00  0.00±0.00  2.92±0.00  0.17±0.00 
CTRL     1  0.18±0.00  0.35±0.00  0.00±0.00  1.33±0.00  0.00±0.00  1.15±0.00  0.18±0.00  2.13±0.00  1.15±0.00 25.71±0.00  0.44±0.00  0.44±0.00  1.42±0.00  0.35±0.00  1.15±0.00  0.26±0.00 
DF       1  0.00±0.00  0.67±0.00  0.67±0.00  3.30±0.00  0.20±0.00  0.54±0.00  0.27±0.00  3.03±0.00  5.52±0.00  9.89±0.00  1.68±0.00  1.14±0.00  1.75±0.00  0.13±0.00  0.34±0.00  0.43±0.00 
